INDEX OF PERSONS.

0100101111, 01000011, 1100011 00, 100, 102.
01000000,οοοη 00, 374.

meg. william 00, 470.

01001000, 01010100ος, 0000, 35, 00.
.................... 101. 90.

.......... 11100010, 087.

.......... william, 01 0111100, 00. 0010, 93.
Fletcher, Simon, 509.

01010, 0000, 01 1100000, “01011100101,”340.
010110111οξ {gageria 01011101, David 00, 103,

Flexum, 0010010, 0011111100, 140. 235.

01100001, Roget 00, 023. Ana 000 011100010.

01101, 01001, John, 482, 532, 535.

01110000101100010, 01οο00001, 00. 0011011,
0110101, 408. 450, 523, 082, 014.

0103, Stephon 0110, 398.

01010, 01011, 01001, 0000, 151, 238.

.................... 01 00001000. 11011000, 351.

.......... 11100010 00, 420, 048, 000.

.......... william, 01 11010000, 352.

01010000, 00110, 501.

01001. 80001010.

010000010, 110010, 385.

0100000ιο. 800 011100001.

01001. 800 01101.

0100100, Hugh, 001100 01 100000, 302.

0000100, 0010100, 0010100, 0000, 01 001-
0111000, 304.

.................... 01 Magna 00100, 301.

.......... 0010100, 148, 237.

0011010010, 0000 00, 482.

0010010, 00111010, 0000, 094, 000.

........., 1100011, 099.

001101, 001001, 0011010, 011101. 0000, 130.

......... bggrffi, 407, 419, 420, 471, 480, 540,

.......... 11010010, 415, 455, 471, 472.
........ , 01000100. 30.
.......,63οὲ10οῑ04ὖο, 415, 410, 417, 403, 454, 455,

.......... william, 135.

0011010. 8000010010.

0010011000. See 00100000.

0011011, 1000, 119.

001001. 800 001101.

Fontibus. 00. See 0000111000.

001000, 0000100 0110, 390.

00100, 6020110010111011 0110, 010001010010, 08,

......,,,, 0000010, 43.

.......... 10010000 0110, 376.
00100101. 8000001111.
1101000010, 00110010001100, 528.
.......... 00110 01, 020.

.......... 1110001000, 412.
.......... 1100011, 580.

.......... Thomu, 080.
00100101. 8010010101.
00100, 00010004.

19402

001001, 1100011, 347.

00110000, Stephon 00, 38.

0011111110, 0001000, 03.

.......... 0000, 03.

.......... 1111111000, 30.

0010101. 800 000101.

00000 [21111ἳο0110001001100.. 0110100101, 108,

Fossa, william, 207, 201, 275, 204.

001101, 0010101, 00101101, 0000, 549.

.......... 1110001010, 440.

.......... Thomu, 018100100, 352

.......... 0111110110, 442.

.................... 01 801010Ῑο0, 201.

0010, 11010010, 479.

001000οἐ2 01001001, 01000100000001, 001010,

0010100. ¹See 0000100.
0001010110, 4100 00, 141.
.......... 0001110000, 141.

0000100011, 0000010000, 00 00011000, 0000-
10000, (10011100, 108.

........., 11100010, 142, 217.

.......... william, 1110111180.

000010000, 111100, 250, 300.

.......... 00110 01, 108, 232.

.......... 11100010 00, 232.

0000100οο. 800 0001110001.

00010001. 800 0010000.

00010001, 8000010011.

001, 00011100, 550.

........‚ John. 017, 584, 591.

0010011110, John 00, 48.

001010, 00 00110, John, 405, 509.

.......... simon, 01 070001000οω, 413.

0010001, John, 01 0001010010, 07.

00110. 8001101010.

111010010ος010, Thomas. 389.

.......... 0111101001, 422.

01000010, 0100000110, 01000000, 010000οο1,
01001100, 0110010110140010382.

.................... Agnos daughter 01, 1010.

........., 0000, 000, 031, 540.

.................... 01 0010000100, 355.

.................... 01 8001011000, 419.

.......... 11100010, 218, 031.

.......... Roget, 444.

........., 811000, 370, 381.

.......... Thomas, 0110010000, 200, 354.

.......... william, 231, 200, 444.

010011, m, 0100, 220, 234, 250, 201,

.......... 1111,,’103, 101.

.......... william, 111100, 201, 284, 300,
337, 1150800301.

0111011000, 0100101000, 010001101οο0, 0000,
01 0001010010, 58.

.........110100,’11. ,

.......... Roget 01 Roget 10, 100, 210.

.......... 0000100, 30.

2x

 

