674

0011011, 1000, 010100, 258.

00110100, 100000, 390, 391, 425, 481, 489.

.......... 01110100,480.

Only. Seecaylly.

Calyngton, 1100011 00, 249.

00100000. 00010000. 8000010000.

0011101000. 0000110010.

0001010111ιο. See 000101101ογ0.

0001000, 00100 0, 00100000, 00010000, 1000,
492, 521 540, 541, 654.

......... &ph 00, 891, 425, 458, 459, 480,

.......... 11001000, 568.

.................... 101, 858.

0011100010, 00. 8010000000000.

001000οι0. 80000000001100.

0010οο, Roget 00, 898.

00100000 Aah, 000100, 0011100000, Caum 0
[00. 81111011], 01100 01, 316, 557, .

.......... 0110100001, 655.

00100000, 111σο0100, 0111010000, 0001110017.
000100. 8000000000100.
(10101100),6 00001111, emine, 1110011110 00,

.......... 00011100 00, 102.

.......... (101010 00, 100.

.......... 1000 00, 99.

ιιιιιιιιιι 3011010 (13, 8. 4⁷·

.......... william 00,400.

00000101, 1000, 509.

0000011110,1011110111, knt. 380.

00001111. 8000001101.

cambum, 00000010, 11001111 00, 440.

.......... 1011000, 522.

000000, Thomas. 558.

0001010. See 0001111100.

0001010010, 0100010000 01. 1, 5-20, 23, 26,
27, 28, 82, 88, 89, 42, 45, 46, 48, 50,
51, 04, 90, 801, 862, 373.

.................... 0001111010. 8111101010.

.......... ’10010000100010000 01, 850.

.......... 0011010011ωο, 0110101, 9-19, 52, 63,
444, 481, 482, 584, 590, 027.

.......... 811100υο11000, 00001 01, 8, 4, 5, 8·
ἐξ, ἐξ, 341), 21, 22, 24, 25, 27, 32, 48,

, , .
......... ,201 2ξ1000100, 00001 or prior 01, 18.

.......... 81. 100100, 01101000 01, 05.

.......... 81. 8000100100, 01101000 01, 29.

00111000, 1000, 01 11010000, 0000100, 72.

0001111100, 0011111000, 00111010, 0011001, 836.

.......... 100010101, 375.

.......... 0111110001 00, 98.

.......... 1110001110 00, 222, 223, 233, 258, 259,
262, 205, 272, 274, 297, 301, 308, 346,
348, 349, 375, 381.

......... ,315111110ωο0 146109, 176, 204, 224,

00011110. 800000111110.
0001101, 00001111, 1110001000,141,199. ’

INDEX OF PERSONS.

01001. 8000000010.

0000110, 00. 8000000010.

0000110000. 8000000010011.

0010011000, 1110110011, 423, 551.

00100001, (101οο1101, Hem-y, 422, 456, 550.
John, 621, 653, 654.

.......... 1101001100, 550.

......... ,581121οἓ1ζὲ0 1111. 557, 558, 575, 578,

.......... 1100011, 014, 620, 645, 651.

.......... Thomas, 046.

.......... 1111110111, 147, 202, 478.

0011110010, 1101010110, 00. 11011011, 010000,- οὶ
{1713115031121 01, 392, 492, 458, 467, 474,

0111000100. 800 11010100.

00100011. 800 0010001.

0111000, 0010110, 1100011, 41.
.......... william, 431, 477, 499.
0000οἓ9ἑ1ιο1001111, william, 130, 428, 431,

0010110. See 001000.

0010ογ, 110100 00, 202.
.......... 11000100 00, 146.
0010οο110. See 0011011.

0001603001, 10101, 00101, 101. 100,

.................... 01 1100000010, 895.

.......... 1100011, 895.

00110, John, 559.

......, 11011011, 427, 559.

00110110, william 00, 140.

00110100, 1101011110 00, 443.

.........,Ηο010,589.

.......... John 00, 444, 408.

....., 1001001000, 158.

.........,110001100,488.

.......... 1110110001.

.......... 910110100444.

.......... william 00, 482, 583.

00111010, 010οο0 01, 253.

0111001110, william 00, 420.

0010011101, 1000, 75.

0011011, 0010οο110, 1111100110, 0 n, ω,
11011011, 01101000 01, 419, 428, 9, 480,
442, 471, 474, 475, 498, 499, 581, 546,
599, 826, 629, 681.

001101, 001110, John, 68, 78, 494, 496.

.......... nobem, 01 10010000, 260.

.......... william, 01 001001101101111, 269.

.................... 01 8001101100, 269, 860,

00010001οο100, Hugh 00. 161.

0001011,4 5(150 00010110, 0110 0001011, (1100010,

........., Margaret, 198.

.......... 1110001110, 396. 410, 483, 497, 499,
ἓο31010011111100090, 825,

0000οζ00001, 110.
.......... 11100010, 01 Ηο0111γ, 885. “

 

