INDEX OF PERSONS.

300-0011.

.......... 31010, 392, 401.

.....‚ Peter, 166, 210.

.......... 3011111113, 135.

.......... 3103110, 48, 239, 298, 369.

.................... 01 (1001101, 356.

........, 11011, 153, 161, 167, 210, 220, 240,
268, 291, 367, 368.

......,.., 01 000101, 362,

.................... 1111. 336.

.......... 1103111010 01, 59, 118, 119, 150.
{2⁴4⁹ 271, 306, 307, 344, 557, 572, 593,

...... ,..‚ 1711101, 49.

.......... william, 0101111031, 353.

........, 1010 01, 118, 163, 172, 226,
241, 242, 245, 247, 252, 253, 392, 401,
414, 416, 42831, 433, 453, 461, 462,
466, 490, 497-9, 501, 510, 537, 539,
557, 5624, 572, 614, 634.

3010011411ἰ434οἒ0001111, 30010111, «10011 00, 465,
mfflmQfflmfflfflffl

mfflfflfflfflmffiff

......... ,5111301110 420, 477, 600.

.......... 7711111111, 397, 419, 504, 546.

3000, 00 3010, 30011100, 573.

..,....., Hem, 396, 469, 470, 507.

3011011, 434, 504, 567.

.......... 1101111001.

.......... 771111011010111101111111, 57, 63.
301130, 3011011, 469.

3011101111. 600300001111.

Bomby. 600 30131.

301010. 600 3013101.

3013013010, 3000113110, 3111111013, 569, 589.
.......... 1031100, 473.

3013011011, 1411111 00, 143150, 159.

......... ἑέὁῇω 00, 161, 218, ὮΟ, 237, 255,

.......... mmmmmmm
mmm
.......... william 00, 233.

Bothinffi'lffiym Alexander 00, 423, 457,

.......... 1101111551.

.......... 31103 00, 416, 540, 634.

3013101, 301010, 00. 3010, 10010101, 114.

3013111300. 600 30131111.

3010311111. See 3011011.

30100111. 600 30110031.

30100, 303011, 297.

30003111. 600 31103111.

30110. 600 nm.

301011 ἑΒοθᾶΜέιαςιιπι), 1111101 0181. 3013011001
y, .

727

30110, 1031030100, 30110, 00 3011, 111111,
416, 454, 455, 539, 540.

.......... 31101100, 591, 628, 632.

.......... John, 515-17.

.......... umbem, 169.

........., 1111110, 424, 552, 603, 647.

.......... 31103001, 01 8011110131, 264.

.......... 3103110, 403.

30110, 30110, John, 78.

· .......... 31030101, 01 Hom. 106.

303011, 218.

30130007301100, 601.

Bou. 600 Bous.

3011011, 30111011, 00011101 00, 169.

.......... John 00, 224, 303.

303011 00, 169, 224.

30103133, 127128, 175, 193.
..........601111, 483, 584.
3011101ὲ4140001110030100) [00. Ηο110], prior 01,

31101011, 3011011 00, 87.

311000, John, 574.

31001, Body, John, 259, 274.

3110111111, 3011011111, John 00, 420, 423, 424,
548, 550, 000.

.......... 3110301, 420, 548, 600.

Rus, 7711101, 395.

31111111, Hubert, 448, 544.

3113331111, 111100 00, 453.

Rugmunby, John de, 367

3111111010, Peter, 482.

31111101, 1110111111, 374.

3110000 60030030.

Rus. 6003011.

31131033603101101130, 00. 11011011, 0011ῃο
01, .

.................... master 01, 647.

3111101, 31111011, 31101101, 1101100101, 399, 508.

.......,ἐ1000111,174,212.

........,, John, 163, 241, 508, 556.

.................... 0173010, 507.

.,......., 1110301110, 451.

.......... 1711111111, 158, 166, 210.

31010111, Aliae, 407, 522.

31111011, 10111, 258, 272.

.......... Simon. 0161001111 Magna, 346.

.......... 1101111,110,171.

3111101130. 600 3101110113.

311111110[3011110], 1111 01, 614, 617, 619,
621, 622, 624, 625, 628, 629, 638, 641.
643, 649, 650.

By. 600 310.

Ryby. SeeBiby.

Ryehemm, 7711110111, 515, 517.

3101101, Thomas, 442.

31031111. 600 31131110.

310110. 600 310111.

31001113, 1711111111 001, 92.

31001. 600 310111.

310037301100, 602.

 

