INDEX OF PERSONS.

Willoughby-cont.
.......... 666611 de, 126, 160. 175, 297.
.................... mmmm
.................... 1616 of, 5667, 574.
........, Roget, 119, 246.
.................... kat. 615.
.......... 91611666 de, 160.
.......... 666616666190.

...,611111111 de, 129, 195, 262, 266. 274.

...,1111. 620.

6106616166 6611166 mutator, 254, 606. ..
6111111661611661661 See Willoughby. ..
1911166116,611166116, 141166, 554, 556, 572. .....,

.......... 1661651

611116161111166161111161.6666661661.

6111166. 9661111666.

winchester, 661111, 6166616661) 61 96.

61111616, 1161111116 5

1911116611 [16 66616 11616611 ,6ἳ1116616116161
66. Lino. 11116161, 912, 61

6111166, 616166, 66666661, 170, 216, 252. ·

.......... 66116 61, 99, 106, 161.
61116, 61116, Hugh, 464.
........., John, 464, 556.
6116611, John 66, 676.
wiringum, 66661166, 424.
611611666611, 6116161. 251.

916 91666111,11111.,111111..1111
········· ffwffimmmfflfflw

...,1161111502, 565.
.......... 161661, 464.
........,, John, 466, 5112, 556. 619, 620,
...,011161, 464. 496, 505, 566.
And 166 66116.
6116616,,6116161 61166111,
616111,6116666,192,1
.......... 1116111 de 146, 202.
.......... 166161,117, 128, 192. 196, 476.
.......... 66161116, 146, 156.
.......... 61111616 do, 140. 451.
.................... 61 6116166111,665.
withan, 666611 66, 62.
1911166, 166161, 426, 461, 499.
611166661611,Δ1611 do, 104.
.......... 66611116, 104.
1911611611. See 6611611611,
66116. 66119666.
66116661, Alexander, 641.
wodeford, John, 104.
.......... 1116661116, 104, 116119.
........, 666611, 116,Ι 119.
1961166616,116111611666 66, 152. 226.
.......... 166161 do. 152, 226, 290.
1966661166, 666611, 546.

19136161,616661,

747

’ 66661616661166166166, 616. ’

6666166111, (1611616611) (sio), 1116111166, 220.
.......... william, 164, 221.
66661611. 6661961166.
66116116, Thomu 66, 497.
6666666666611, 559, 562.
1961116116, 61666111, 61 6111611, 264.
66166616, 666611. 76.

661611. 666611, 569.

6611, 1111, Alexander, 444.

, 611111111111,569.

., John, 566.

, 6111661, 146, 200.

william, knt. 591.
Wolrryoh, 666611, 69.
6611166111 6666161166111.
66161611,19611661611 (tic) [66. 1961111611
11116161, 112.
111161111111111161,11116 6161161161.

....,66116166 616, 651.

6611611, John 66, 4, 21.

661161, John, 126.

.......... 666611, 125.

6661166116, 6116 196116, 616166, 574.
.......... 66611, 1116 11116 61 (16611161, 66.
.... John, 27, 497, 521, 562.
6166616166, 500.

66116, 456, 521.

......,.., 666611, 27, 469.

.......... Simon, 61.

¹ .......... Thomu, 69.

.................... 6166116161, 465.
.......... william, 56.
6616661111, 6111661161, 127.

196161161161111166611, 6116611611 [66.
96116111 1611161, 442. 531.

6611661111, 6611111116 de 96.

661161. 6111116641161116, 61 9111116611, 252.
.......... 16 11, .

1961616111 91311666666666161161666611, 11661
ο, .

.......... Philip 116, 619.

.......... 61111661 116, 591.

66116, 66661166, 214.

6611661666. 6616616166.

6666161166, 1161666. 69.

.......... 61111116 dn, 89‚· 96.

66116115,0 11961161611, John de, 172, 431. 433.

.......... 61111111.. 1ο. ·
.......... 61111661 do, 496, 501, 666.
And 161 61161611

6166, 1166111116, 444.

- 1916116,111666166,69.

1961166166, John, 66. ,

19166116, Rogat, 460,

 

