INDEX OF PLAGES.

Ιῖῐι1001715550110148,58115815519052,
231, 238245258, 259, 272, 288, 301,
345, 348, 349, 355, 851.

.......... 05010501, 319, 321.

8111100. 810100, 810110011011011, 411, 477,
527, 585, 849.

.......... Βο1101100 in, 049.

1110551005οω, 8101510050οι, Lino„ 185, 248.
.......... 05010501, 332.

810110010115. 800 810110000115.
810151005001. 800 8105510050111.
1110111Ἥο08101100100115, 1101000101, 87,

ffl'sggrmgssowlgsslinde, Halmde [in 5011001500501110100, 11011011, 485.
851050811555010550111550.
8171101100. 800 811010ογ
81000050. 800 81105] and Friuby.

QZ 801501, 8010501,11100.,132, 133,

1511500. 800 8001500.

80150111, Midd1‚ 874.

.......... 05010501, 878.

8011015οἪ8010150, 8010550, Lino.. 147,185,
8011238, 245, 253, 287, 351, 302,

.......... 05010501, 327.

8010050500,80110010100, 8010105οο100,
11010100500100, 8011001500100, 11011011,
418, 450, 518, 519, 570, 837, 538.

.......... 0015501818.

80100150 [10 8005], 80100150, 80100550,
Lino 170 224 270 304 343380

8111015010. 800150100.

80101011, 8001010080010010010, 8011001010,

’ 11108184, 148, 155. 182, 222, 235,
242, 243, 251, 275, 288302354.

.......... 05010501, 310.

8110801Ξ5ἒ15813006οὦ0010, 11011011, 412, 475,

80150, 801050 800 81150
1511050110.οι00100010]
80051008000010, Fyuholo. 800 81051ογ.

5

50000050105,

501105010ος5,500110052Ἑ65247 πθ ³0⁷,

1110οΗ173, 187,

.......... 055105 51, 329.
5010015οψ050 11150150ωο1 5011101015οῳ0,

50501000. 8100 8550101000.
50150, 500150, 1101000101, 123.
.......... 50150, 050105 01, 112.

19452

700

5011ογ 51000 [111 80100011 81. 1101011
5010010111, 11011011, 475.

500010150100. 800 501101501οο.

5015015105001. 501501005010, 11011011, 441,
457, 535. 587. 548.

5010111. 800 5010.

(wrington. Upper 0101 Low, 01100 17100010
[ἰο 11111050111110]. 5011110100, 50111011·
100, Κο01, 5, 21, 81.

501501ὥ,9ἕ401111001, 5011010110, hune.. 83,

5101150100, 1101000101, 105, 119.
.......... 05010501, 110.
5011110101 [1105105500ωο], 5015150100,

5011110100, 5011100100. 800 5011100100.

5110150100, 0011015010, 50100150100. 50110·
150100, 11011011, 441, 457, 535, 588,

00110501, 850.
5010100, 501010, (101010. 50110, 11011011, 458,
454, 515, 540, 570, 595, 585.
5010050000 [1080010150011100187
5111001501ρο, 5050150100. 800 5101110100.
50110. 800 5010100.
501100, 11001, 34. 800 0100 0501001015.
500150. 800 501110.
500150, 5001050, Lino.. 185.
.......... 05010501, 325.
5000050105. See 51110050ωο05.
5001501100. 800 801100, 5010.
5005ηῶ00100, 111110.,0010 01, 183, 178, 275,

.......... 500100, 11011011, 409, 455, m, 523,
524, 581, 583, 013.

......... [10510105],11100., 178, 352.

.................... 05010501, 322.

......... [10170101 Lino. 1,77.

......... 15010055010, 50015010140000011
550105050111115010, 11011011, 400,
455, 521, 581, 533, 518.

50011008, 50011005011011011450.

5055100 [10 11000011000114.

Gedney, Gundeney. 11100, 152, 183, 240, 309.

5011011101. 800 50101000.

5015000506ιὲ 5010100, 11011011, 386, 485, 508,

.......... ’15110010 100 in, 825.

50101οἱ [ἰο 0011105 00 150 Η111], 500010100,
100. 9

50110150100. 800 501150100.

5000015010, 50110101550111100015010. 800
51010150100

50110001150. 500 1011110015

5011110100. 81150110010110.

“ 50010001. See 5000111101.

50005100. See 5010100.
5000050105. 800 505105010005.
50001. 80050101.

5000100015. See 5000111101.

50015010. 800 5110100 1110100.

30

 

