INDEX OF PERSONS.

81010, 11131160, 161.

81010610. 80081010610.

8100110. 80081101.

8100111010, 10111, 545, 546, 598, 622.

.......... Thomas, 418, 872, 545.

8100110111, 8101111011, 801011, 159, 176.

81111116, 10111 60, 501.

8111001016 800 8111110116.

81111100, 11611160, 289.

8111011010141100, 127, 192.

.......... 1011110, 192.

8111016, 81001116, 1011, 590,

.......... 8101016599.

.......... 1101100597.

81111101118101001016, 8111001016, 00. Line.
110010101,127, 182, 159, 168, 211.

.......... 01101000 01, 192, 196, 208, 211, 828.

81000111. 800 8101110111.

810601016, 80011100, 42.

81061031, Thomas, 567. .

81010 or stokes, Stokyr, 101160, 254, 277,
400, 451, 510.’

......,.., 81101, 500, 502.

.......... 801011 60, 184.

.......... william. 01 calais, 71.

810100011, 8010000101), 80101160, 86, 90.

810100. 80081010. ,

81010010, 1110101110 60, 445, 584.

.......... william 60, 482.

81011111. 80081010011.

81011010, 8030160, 894.

81011012οὸ 0313011111, 81010111, John 60, 221,

.......... whom, 260, 800.

.................... 01 8101011, 865.

810100. 80081010.

8101111. 800 8101010111.

81010, 81011, 810011, 1113160, 578.

.......... 1011, 597.

.......... 81011016, 529.

8101011011, 81011011, 8101111, 00011100, 570.
.......... 1011, 119.

.......... 801011, 262, 568, 581.

810110111Ξὸ1 8101110010, 1011, 01 0111111610,

.......... Thomna 60, 118,

’ 8101111011. 800 8101010111.

8101110110. 800 8111111010.
8101101, Thomas, 01 (10011013, 78.
8101010, 101160, 208.

810011 80081010.

8100016010, 8101001601, 1011, 0101110 1110
1001011101 110 011101 01 1111111, 56.

.......... 81011116, 01 (1111011110, 57, 70.
81010, william, 01 8001013101, 228.
810111, 1011, 605.

.................... 01 11010101, 547.
.......... 81011016, 490.

stormy. 800 8111110.

8101011, 1011, 586.

.......... Thomna, 0100110101, 858.

8101101, 81010101 (ric), 1111010 (10, 448, 543.
1110101110, 800 8111100111.

8101110010. 80081010010.

8101001601. 8008100016010.

8101111011. 800 81111101.

8101, 81010, Hugh (10, 208.

...... ,.., 8031101660, 397.

.......... 8101016 60, 874.

81011013, Peter, 66.

8110600010, Agnes 60, 478.

......... ,5810001011 60, 899, 487, 452, 508, 520,

81101. 8001110011.

81101130, straunge, 10 811110, 1001101130,
8111011011,010111011, 5, 460.

.......... 0111100101, 588.

,ζ ........ 8100101, 584.

namo, 452, 524, 525.

........., Hem-y. 454.

.......... 100101 10, 416, 454, 589.

1011, 250, 802, 802. 895, 408. 409,
410, 417, 424, 438, 447, 491, 496, 524,
525, 589, 551, 552, 561, 588, 584, 598,
624, 640, 658.

.................... 01 8100101100, 845, 849, 852.

........., ...,...,011110 1101011, 416.

.......... 81011116, 1016, 864, 881.

.........,80301,2,416, 5285285112, 595. ’

.................... 1001 wife 01, 528, 582.

william, 528, 528,

-, 406.

stratford, 00. 1111661. priorem 01, 878.

81111101, 81101101, 8611111660, 165, 221.

...., 101160, 262, 274, 598, 594.

.................... 01 1111013101, 265.

John, 01 81101101, 261, 840.

.......... 8010160, 102.

.......... 8030160, 221, 800, 871.

...·...·..,Ψ111101’110, 1671

81101130. 800 81101130.

811001, 8110110111, 111. 484, 546, 558.

81101101. 800 81101101.

8110601011, 22.

811060, 00. 110111, master 01 1101110010 0010
Beate 110010 in, 42.

8110130, 801011, 565.

8111116, 801011, 01000101, 256.

81111016, 80101, 401.

8110100, 81010010, John, 617, 621.

.......... 801011, 128.

81011116, 123.

8111000, 801011 60, 58.
8111111101, 1111101111.
8111110, 81011110, 11100458.
.......... 101160, 111. 477.
.......... Walter, 481, 477.

 

