752

401101 [10 1001111 Im, 89.
10100101000101, 108.

......... 8101011110, 800100, 1101000101, 102.
.................... 000101 01, 109.

40111011. 800 4101101110.
40110111,40011010011,10“00., 128, 189, 194.
Διῃιᾱὲὢξθοῖῗὲἰμ Lino„ 150, 180, 881,

..........0110101101, 827.
41110101. 800 4110111.
41101100 [10 1101101 Iane„ 89.
41101811. 800 4100111010.

41101011 ἑὲῗέωῂ 11011001, 41110101, Lino„

41101100, 8010110101, 120.

4111010100111, 4111000111, 411110010110,1101-

1011, 424, 450, 551, 602, 047.
4100011010, 4111001111. 411001111, 11011011,
415, 4735315118, 042.

401010, 401010, Lino„ 107, 191, 211, 308.

4001011 [10 00111011 41001101, Line„ 188.

40011011). 800 8011110110.

4010010010, 4110101010, 4110101111, Haut·
&orghffltffi' 81 ff& 153, 184,

.......... 0110101101, 832.

400001010. 800 401001.

40001121,3 0010111, 0110011, Isim„ 170189,

,4011114110 Μ1111111ὶ· 8101083111 4111010011,
.......... .11.11,01;’ ’

40110111. 800 801111101ρο.

00011110 'ea-tle 1100010001, 100..

41101100, 1010 01, Insula, 8001101100, Lino„
173, 228. 247, 807, 871.

11111,
802.

.......... 00111011 01, 815, 810
411001010811101010, 11001, 2, 17, 42.
4110011100, 1101000101, 125.

.......... 0101011 01, 108.
4110011101110. See 8100110110.
4110101100, 11011011, 404.

41101001, 11011011, 404.
4110101111οῃ 800 (101100 1101110.
41010101. 8004010111.
4100101101ος 10 11001100, Lino„ 844.
41011οῳ. 800 4101101110.

Β

80110110, 801010110, 80010110, 11011011,
4411, 522, 582, 010.

8001011100. 800 8011011110.
8οω001ι1181ὲ1ρο5ὲ48ἶ11ὁ111001101ρ, 11011011, 402,

INDEX OF PLAOES.

800100 (Lim). 800 80011100.
.......... 8010100, 11011011, 400, 484, 558. 019.
8001000010,800010101010,11001, 18, 80.

80100οἱ11ῗέ1,2 6gaggandam, 11001111, Lino„

.......... 000001 01, 827.

80101οο111. 800 8011101ρο
8111101ῧὲ10 8001011001, 80111010, 1010011101,

8010οἒ1111, ἓέιέοὼοφ, 11011011. 404, 401, 516,

8011101111, 1101000101, 120.

8010100. See Baeton 000 80011100
8010000111οφ. 800 8000001101ρο.
8010000080. 80080000110111.

8010, 8011010. 8011010. 11011011. 402, 402.
511512, 578574. 038 084.

80110110. 800 80101101.
80100010. 800 80010001.
80000015ὲ811341181111. 440, 441, 487, 529, 530,

.......... 8011101110, 048.

....., 1101010110 10, 580, 048.

80001011οι0, 8001111010,8001011010Ι 11011011,
403, 480, 555, 017.

800111οῗ [1011ἐ10000010118111 8100110111010),
lm„ ·

Bnnynghnm. 800 80001ος11001.
8011011110, 8001011100. 11001, 14.
8010010ὲὶ0Ὶέ110101 8010010, Barakes, 11001,

801000 [10 1000110811, 80100000, 11001, 40.
Βι101011(οἑ1ῃι[111880011011], 80110010001100.
8010001801001101, Lino„ 179.

. ......... 01010101, 810.

8010101. 800 8010010.

= 8011010, 8011010, 8011010 (sic), 11011011, 445,

482. 584, 585, 591, 027, 029.

8011100100, 80111010100, 8001, 24.

80111010. 800 80111010.

81111001, 8011001, 11001, 10, 20.

80110101, 80111010. 80 ham. 8010010, Lino„
174, 187, 212, .

801101, 8011011, 1101000101, 119.

.......... 01010101, 118.

8111100100. See 801101000.

80110000111. 800 8011110111.

80110100, Lino.. 100, 190, 210.

80110000, 8011100100, 1101000101, 118, 119.

.......... 0110101101, 110,

8011110111, 801100110ηο, 8001 and Woet,
Lino.. 151, 179, 288, 845, 210, 258,
209, 289, 800.

.........,010101101,810.

.......... mule, 01010101, 811.

8011001000, 801100100, 1001000101, 102.

8011001,80110010,80101010, 80100101011011011,
117111, 54316433, 440, 400, 510, 517, 525,

, .......... 101100 01, 008.

 

