686

INDEX OF PERSONS.

9,, biuhop 99, 999, 994, 995, 999, 999, 999 9999999, 999999, 999.

402, 406, 424, 426, 449, 450, 454, 456,
459, 478, 480, 488, 498, 495. 496, 502,
507, 510, 520, 552, 556 558, 580, 624,

681, 682, 688, 639, 648, 645, 654.
.......... 9199991991, 425, 488 489 682.

1119969999, John 69 21.

1119931999, 1219991999, Alexander 69, 422,
444, 534, 549,51,601.

.......... Β991919969, 481.

.......... Cassandra, 549.

.......... Honry 69, 525.

.......... 1191991969, 534.

.......... 1191999169, 456458.

........, Roget, 648, 644, 649.

.......... Thomas, 558.

.......... 17111199, 560.

Elyot, J 9199, 626.

.......... 1199399690.

mys, 899119199999, 626, 644.

Ι .......... Gay, 91 11991999, 56.

.......... Margaret, 567.

.......... Thomu, 91 1199993199, 56, 67, 74.
......... ᾖ........,199911ι999 91 1199 91999199 91,

.......... william, 897.

1199919, John, 78.
119699199719999969268, 804, 805.
.................... 19999, 9991991, 805.

......... ffiiffi'ffl 99119 91, 91 11969919,

11996991, John 69 81
.......... 111191999169,81.
.......... Thomas 69, 31.
Enetum, 11999999 69, 84.
11999999, 11993999, John (19, 122, 890, 487.
.......... 17991969,181,182, 168, 241.
1199391996, John, 417.
Ε989911919991, 187, 198.
11931996, queen 91 See Elemor; Κ911999199ς
Margum Philippm
Ense. John 69, 99.
1199911, Roget, 218.
11969991, william 69, 102.
1196999199. See Ardyngton
119399, Ergum, william, 224, 271, 808.
11911919, 897.
19199999199, See 09199199.
89119999, 1199119999, 6111999169, 475.
.......... John de, 626.
.......... J 911999 69, 460.
191919 69, 454.
.......... 119ςὶ9916 69, 448.
...,11919991 69, 583.
....,Roger 69, 588.
.......... Thomu 69, 417, 250, 595.
1199916. See Amold.

John 69 486.
......... 3919991 69, 463. 467, 486.
......,....,191.485,486. ·

········· Thomas, 991 554, 595, 1171594616,
.......... primos, 451, 999, 999, 999, 999. K ⁶¹⁷· ⁶2⁹·

1199199199, 8999999919, 1999991999,1999 69, 2, 8.
.......... 11919991 691, 17, 42.
......, Roget 69, 48.
1991993999, Aliae 69, 41.
1191199, 1191919 69, 2.
Enpigurnol, John, 99.
11999199, Ensheby. 8991919199.
19919999. see Aaehewy.
11911919, John, 558, 652.
.......... 1119199999, 588, 504.
........., Simon, 415, 466, 588.
.......... 1199999549.
.......... william, 91 11999911, 852.
19199199. 8994919919.
11919999, Thomu, 186.
1191991992 See 191999.
11913919, Andron 69, 482.
....., 91999969, 444.
.......... Walter 69, 446.
1391199119. 899899119119.
1191199, 11911999. 8999491199.
11919999, 1791199 69, 401, 510.

9 999, 99999, 99999, 999.

119199899919199
119199, John 69 478,
.......... 1119199199 69, 419.
191999, 1191991999, 6991991 (sic), fleury 69, 84.
.......... 19199 69, 6.
.......... 1191999169, 7, 82.
.......... 7199999969, 84.
1191999999. 8998199999.
Ε119919199, 11939969, 95.
11199 [99. 1799991911 See 1199999199.
11199, John 69, 871.
.......... 1119199199 69, 151, 204.
.......... 1791199, 563, 591.
.......... william 69, 204.
Eu (69 Auge), 9999191, 89,
1191999919, 1199919919, lady, 184, 187.
Etutam, Johnson 91, 486.
Thomu 99991, 148, 170, 260, 218.
1199919919, 111996, 467.
1199699, 1191999169, 250.
Buram. Edmund, 510.
19199, 91 81999611991199199999199,

11999919, william 69, 81.
Everyng, John 69, 80.
william, 73.

 

