704 INDEX OF

1011010111, 1011010. 800 00110ογ0.
1010101111, 1101101110 00, 170.
1011101207σοἔῖἔοοι [00. York1, 05001 01, 133,

1011010011, 1011001010, 141100 00, 538, 593.

.......... 1105111 00, 415, 468, 482, 535, 538.

100000, 101000, 1101000 (110111100010, 0,
34. 399, 508, 571.

100000, (10011101 1100 01, 150. 204.
1001100100. See 1000100..

1000, king 01 00310110, 0001111 01, 249.
1000, 140010 son of, 149, 203.

.......... Agnes daughter of, 144, 200.
(1115011 100 01, 01 1701111011. 223.
.......... 11015011 100 01. 473.

...... 1011 daughter 01, 174, 212.
.......... 1000 000 01, 138, 215, 280.
.......... 1011111100 01, 0130111ος11οω, 417.
.......... 1101ρο son 01. 157.

.......... 110ςί0010 100 01, 433.

.......... 11100010 100 01, 133.

......... ,6311105011 10001, 141, 405, 517, 579,

.......... william 100 01, 131, 170, 213, 239.

’ 1000100, 100000100, 1001101 310101ογ, 204.
.......... 11100010, 01 1001110001, 207, 350.
.......... william, 200, 300.

1011, william, 599.

1010050100. 800 001001ςο.
1011100,10011100,101000, Thomas, 414, 530. Ι
.......... Thomas, 01 001011031010390.
........ , william, 478, 548, 613, 651.
101100, 1000. 504.

10011100. 8001011100.

101000. See 100000.

10], 1010, 1110001011, 104.

.......... Thomas, 01 1100100, 204.
10001010, 1000, 23.

1000001, Thomas, 09.

11111100 See 101000.

Κ

Κ . thammo, 10111003.

00, fleury, 01 8101110), 255.
01101000, william 00, 370.

01110000. See 0011011.

0111101. 8000111101.

0111001100, queen 01 00ςο00, 365, 579.
0011000010. See 0001100011.
00110101. 0000111101. Ι
0111010970110132. ¹

0000ογ0. 8000010000.

0011111, Kydai, 0011111 110, 131.

.......... Philip, 270, 273.

.......... ν, 01 Bentley, 00. 1011, 345.

PERSONS.

00157.Ι 800 001051.

01110, 1101015011 110, 172.

.......... 11110000, 172, 225.

.......... 8100010110, 204, 281.
001051101110151, 0010151, Kyleby, 00111 01,

........ Honry 110. 271.

ζ .......... 1000 00, 210, 249, 281.

.......... 1105011110, 271.

.......... 11030100, 102.

......... Stephon 00, 157, 232, 295.

.......... Walter 00, 142.

......... §gilliam 00, 140. 142, 214, 210, 218,

00101070. 8001101101.

00110, Roget. 271, 282, 303.
.................... 01 80100151, 344.

0011010111, 0011011111, 1110000100, 484, 485.
.......... 1411100111 00, 484, 485, 553.
0011οὼ0ῗο701, 110501100,402, 421, 512

.......... william, 557.

001101, 00100011, 1101ρο 00, 258, 272, 340.
......,.,17111100100, 130.

0111110111, 11100010, 01 muham, 270.

Kelyng. 800 0011101.

ΚοΙγπςὲιὸἑωε, Kelwyngholm, walterdo, 134,

Kampe, william, 529.

0000110, 01011010, 00000110, 11001] 00, 147.

.......... 1000 00, 155, 200, 235, 200, 280.

........ , 11111110 00, 254, 277.

........ , william 00, 134.

0000111, 1000 00, 44.

0101100110, 80501100, 98.

0001, 0111 and 00001110 01 . 0ςο 11011011.

11001, 1001111 01, 29.

0101, 1000 00, 45, 170, 225, 304.

.......... william 00, 45.

0001091, 1000, 34.

Kenynge, Simon, 404.

1101510110. See 0010100110.

00100000. 3000011100.

0013010, 1000 00, 512, 574.

00110ογ. 80001157.

Kermonde. 000 0010110000.

0011101, william, 249.

11010100, 1101001100, 001000100000111110021,

.......... 1000110, 411, 440, 520, 584.

.......... 0000110 00, 040, 041, 042.

.......... 1110011110, 433, 505, 520, 553, 553.

..., Roget 00, 245, 452, 401, 433.

.......... Thomas 00, 504, 508, 573, 570, 592

.......... 1711110111 00, 402, 403, 411, 414, 433,
435, 440, 443, 461, 460, 407, 400, 409,
479, 501, 505, 511, 515, 520, 532, 537,
534, 573, 576, 584, 592, 021, 020.

0000011. 800 1101110010.

0010, 1000504.

001110061ὣ1ἑ40010011, 01101110] 00, 424, 551,

 

