INDEX ΟΡ PLACES.

Navenby, Line„ 151, 191, 204, ms

Naylnnd [in 97666168661611161666, 11666·
lond. 11661616, 448, 474, 692, 690, 626.

1161166666. 9661161166666.

1166666666, 116616666611661611, 468, 484.

11666666, 1166666111661611, 661.

11616666. See 1166666.

116166666, 6661166666.

1161666. 8661161666.

Norburg. See Nnrburgh.

Nerfort. SeeNarford.

Nemhyndenn. See 1166666666.

1166616666 86611666166661.

1161666666, 16 9616666666, 11666, 68.

116666666116. See 866161166666.

1166616161166. 866 11611611161666.

1166166666. 86611666166666.

11661666οά6. 966116661666666.

1166611666. 8661166616666.

11666166261671,ἒ1ὧ161666,11666166616, 1166, 186,

.......... 6666661828.

1166616616ιά, 11661666686, 11666, 48, 44.

11666666, 6166611666, 11666666, Lino.. 188,
169, 182, 216, 288, 244, 279, 296, 844.

.......... 666666 61, 818.

1166666. 8661166666, 616.

11666611 [16 86616666 by 1663666661 1166661,
6166, 166, 179, m, 246, 802.

11666611161666666, 120.

.......... 666666 61, 110.

1166666666, 116666666666, 1166612.

116666666 [16 96661631 11666, 82.

116666666666. 96116666666.

1166616611. See 11611666.-

116666866, 11666, 16.

1166666661. See 11666666.

1166163666, 116666666, 11666, 14.

116666661166666616, 11666, 18, 86.

11666ιίιῶ [16 9666116671 1166666, 11166,

1166666 [16 1116166161 1666, 88, 87.
........., Lino.,135. 168, 189, 187, 208.
......... [by Kettlethorpe], 6166, 264, 866.

......... Qfflwmfflfflfflm
mmmm

.................... 666666 61, 812.
[b 066616 66661 1166666, 11661611,

⁸ ............. ⁶ ....... 1661166 61, 607.

[16 1666661 1166666, 11611616, 481,
477, 499, 681.
.......... 91166616. See 91666616 1166666.
......... 1166361666 [1686616666611166666
notula, 1661666666, 120. 1
.......... mmmmfflmeQ
......... 66 Βι6666ι6. See 91666616 1166666.
......... 111666161166666, 11661611, 448, 444, 1
474, 688, 689, 690, 627. ¹
,........Η61·66666, 1166666 1166666616, 1616- 1
6661106128, · 1

Nomou-cont.
......... 01⁰ Makerfleld, 1166166, 1666, 91,

......... 6166611666, 6666661166, 187.
.................... 666666 61, 828, 629.

.’........,17666, 1166666, 17666 1166666,
11661611, 449, 622. 682.

......... [6961611166. 188, 184, 148, 287,
260, 261, 275, 276, 288, 354.

........ ,, ,666166 61, 815.
11166666616666. See 11668666, 166666.
1166116616, 01666166, 11666, 18.

6ωωωωω6ψψ6
mmmm

116616666611666, 10.
11666612ιὲ641 [by 1166166 nmen} 1166, 186,

.................... 666666 61, 881.
38146 Β66166-6ρ66-8666666],6166., 184,

[1686661 16166, 187, 217, 866.
[66 166 996161 Lino , 162, 168, 161,
182, 220, 229, 288, 242, 268, 291, 296,
299, 866.
.................... 666666 61, 812.
116666666616166666697, 102, 118.
.........,6166, 167, 192, 207.
North Oourt [in Swingfleld]‚ 11666, 78.
11666611. 6611666616.
Northbourne, 11666, 9, 22.
1166666636. Seeuarborough.
Northoote. See Gentes, North.
Northfloet, 1166666616, 6666117.
1166666166, See 616616, North.
11666661661166, 178.
northolt, Northall, Middx„ 878, 876, 881.
11666666. 8661166666,Ρ6111116ς.
1166666 ,Tho ‚Lino., 188, 147, 167, 186,
17, 216, ,286 247. 248, 260, 279,
286, 296.
, 666166 61, 880.
1166666116, 11616616, North, 11611611, 464.
11666666. See 9161161166.
1166666111, 1166661116, 11661611, 426, 427,
469, 498, 668, 664.
1161666666 [61166116166666161 11666, 4, 21.

1166666, 11666, 86.

,,,,,,,,,, 11661611, 461. And 666 81666616
1166666 asic), Blo 1166166, 1166166,
padding, 6661166666, Wood.

......... [Binhop]¹ 91666611661666, 1166, 188,

247.
. .................... prebend 61, 888.

......... [11166611 Line.. 191. 268, 868.
......... [juxta TwyerossL 66166666, 102.
.................... 66666661, 110.

......... [1116661 1661666666, 666666 61, 112. ·⁴

 

