INDEX 02 PLAOES.

2

2551555155, 25555155, 11551511, 412, 476,
528, 686, 649.

.......... 5155555515 m, 586.

2511556,2551556,2511556,2151556,2511515515,
1555.,150. 185, 171,180, 222, 226,
ξὲῗ, 245, 253 263, 289, 301, 304 306,

.......... 55555551.

251155[15 5155555151, 2511511515, Iane.. 82.

251551, ,1823111 5351211531151116 1111ιῶ ,172, 176

.......... 55555551, 316, 317

2511515515. See 'tetford

25115151( sic). Sec 0511151.

21111Ωὲξέ 1111118101 1111111116 1821111011 2555151. See 255151 aud 2555151,

25515115 [15 7751555151, 25515155, 11551, ,1 Ἔποψ

25515155. 3552555151155.

2515555[1515115],25555555, 1155546.

2555151155 [15 11551551 25515155, 11551 21.

2555551[15 Η511551, 2555151555, 85.

25555515,25555553,2555555ι15,2555555535,
11551511, 434, 477, 602, 565.

.......... Norfolk' 5 155 5, 624.

25155555 [now Sellinge, ᾳ.υ.],25115555555,
251555555, Κ551, 6, 27.

25155515, See 2511555511.

25156556. See 2511511556.

25155515. See 2511555511.

2151555515. See 2511555551]

(buhun, 2551555511, 21515511. Lino.. 146,

555555551

266, 286, 294, 300, 352, 353.
.......... 1555556 51, 333.
25115555555. See 25155555.
2115115ήὲ7ιὲ, waterford, 11511511,403,460,516,

5155151155, 3051515404, 555, 55,
.......... 2151555515 556555 panuh ot 608.

515511211555, 5555, Lim. 180, 1

.......... 555115 51, 246.

.......... 555555 51, 326

2515511 355 25155511.

251555ἒὲ Nedon, 419, 473, 646, 647, 699,

255151, 25555151, 2555151, 2555151,25511ι1,1
Lino. 134, 153182, 230, 242, 241,“
268, 270, 292, 367.

.......... 555555 51, 311, 312.

2566151155, 25615155, 111665, 372.

.......... 555555 51, 378.

255151. 3515255151.

2511556, 251556. 3552511556.

2555153555 (5515535555)1155552155, 1

1811, 337
255555. See 2515555.

25555655, 255151655511551, 14, 37
251551. 3552555551.

25515315540725111115181 ,,211·1511οιι Nonou,

2551511875355255151155.
25515155, 11551511, 404, 460, 616.

.......... mmmm-honam.

25556515. See 2565151

3552515151,

2515555, 255555, 11551, 13.

255515315525515155,1155123611.

255ι5155255ι5155, 25556551553155515515151,
115651ἓῖ595, 1151511, 412, 478, 628, 627,

2555555515. 3552555515.

2551555511. See 25155511

2555151ἰ ΜἿΙξ4ιιι1ο5-[15 upon-Stabat} 2555151,

255661Ξὲ1ξ51115,255615155ι1.5,1515,555555

2556615155555 2551111555, 2551551555,
Lino.. 133. 143, 159. 185, 178 218. 222,
234, 245, 246. 248, 257 276. 284, 297,
301, 345, 346, 347, 349. 352.

...,555555 51, 321

1 2155655515. See 251551.

255615155515. 3552556615155515.

1 2551556. See 2511556.

25511556 See 2551 ford.
2555511111) 1453155155, 11551511, 394, 478, 496.

25555151. Sec 251551551.

1111151125311111111,4112111113

, 587, 592, 593, 641.
2555655155, 25555155. See 25555155.
2555155155 355 2551155155
25511οι6,255125ι6,11551511457
.......... charchas 51, 8091-

All 351515.

3505155551. ,

St. Edmund.

St. Etheldreda.
3581155.

31, 11151551,

31. 31555155.

St. Peter.

3555155111.

2551551555, 2551111555. 3552556615155ι55

1 25555151 See 255151.

2551511515. 355 11153515.

2555511. 3552555115.

251551551, 25155151 25555111ἒ1,21ιὲ1855151,
49152 1

Ιι1155.,1, ,160,1, ,232

245, 262. 289, 290, 341.
.......... 555555 51, 328.
25151551. 3552551151.

 

