660

1106000. sauoye.
11601006. See 1601006.
11601οΞ101,1 1111110016, 1161100016, 860006.

.......... 10000, 619.
.......... J 060, 606.
.......... 11106006, 667.
.......... Thomu, 668.
116001οο,11610100 110οη60, 89.
.......... william. 101. 94.

· .......... william 60, 89.

11601ίὲ140100150408), earl 01, 460, 464, 466, 472,

......... 00001000 01, 66, 64.
11660016. See 1160100016.
1110 06000600. See 0600600,
1110 (1610060, See 060006.
1110 8016. 6008016. ,

1110 110000. 6001100.
1110 11010600 Enyo
1110 170110. See welk

1160601630, 1116600000, 1111160036, 00.
11001011, 001103001, 602, 647.

1100 1100, 17111100,266,294.
0010006001194.

Anu-ey, 110060080μο, 01 800100, 269, 660.

100600, 1000600, 1001000000, 68, 69.
.......... Henry, 37, 68.

1060601, John 60 01 0106103600 416.
1060600, 8010060, 48.

INDEX OF PEBSONS.

Avonaunt. Avmnt. John, 621.

.......... 8106001412, 627 . 666.

100001, 1000011, 6000, 611, 621, 621, 676.
.........,1060. 421612. 620, 621674.
.......... 01111100116.

10000600. 81060100 60. 110.

Amyn, 11011160 60, 296.

huby, John, 01 Wyhnm, 264.

Ayay, 1160000, 01 manhu, 261.

Ayermyn. william, 196.

11100600. «10οΑ1οω6000

1310010011, 11003001 60, 196.

11100600, Roget 60, 697, 404. 610.

111000. 80013000.

111106οι0. 600110006000.

Ayhy, 806001, 164, 206.

11100006, 8106006, ’160000 000 01, 616, 617.
.......... 81000, 276.
110001100016000, mlum, 616. 617.
................... 000 01, 166, 207

1 110016, John. 647

1,γο0000016 10000000. 96.
1101006011000616001010061.

Bu. See 80160.

106101, 1060100, 10601011036 60 000101 Bardo. 8008006.

(1100000100, 486, 648664
.......... 10000 60, 26.
.......... Margaret, 124.

.......... 1100300160, 66.
Auden, John 60, 478.

103060. 600 Eu.

101. 1010, (1003οη, 171, 174, 212, 214.
.......... John, 0180100000, 666.

1010 (sic), 00. 1000010, prior 01, 461.
1010, 60. See 11011.

100010, 116000οι10, 06601 01 , 616.
1000010. 600 1111000010.

1006011. 6001060101.
10000111000011. 6001100001.

1000, 81060100 60. 674, 680.

1003000. 6000103000.
1003οπ111,110300, 126.
100300101003001010030010. 60010100γο.
100300, william 60, 406, 616. 677.
100001, 1000011, 1000011, Alexander, 194.
.........,1060,464

.......... 806001, 01 1110600060, 610.
.......... william. 162196.

10011060080106, 106. ,
1010γο See 110001ογ0.

100111, 100110, 10000000, 460, 461.
Melyn. 806001, 696.

1001100, 160000, 657.

80060600110060

8006000011, 8106001609, 669.

.......... 160000, 671.

1100601006, Ham-y, 101. 478.

80060100, John. 676.

........., Roget. 268, 269, 289.

8006000006, 11106006 60, 676.

.......... Roget 60, 376, 682

8000101010. 600800000016000.
8000041104οω0, 110100, 80100, 1160006, 462,

.........,110οη,402.

.......... 10000462

.......... 1000, 616, 666.

.........,1060, 371, 664, 461, 611, 666, 676,
687, 616, 660.

.................... 0110600664.

.......... 1101600100672.

.........,61οι’3οι·01,486,664,676.

.......... 81060100. 660.
...,80300, 669, 670, 486, 616, 664, 666,

.......... nomn, 420, 421, 416, 466, 462, 486.
101616. 641648, 600601.

1100οο016000. 8000101000. 801000016οφ,
676, 617.

.......... 80600160, 416, 460, 436, 461. 462,
481, 482, 466, 616.

 

