INDEX OF 88880118.

8011, 00 80100, 80011101, 132.

........, 110100, 395, 441, 497, 530, 582.

......,.,10110, 100, 188, 259, 282, 287, 281,
283, 808, 337, 398, 597.

.................... 01 8081010111, 348.

........‚ 1110901111, 434.

...,....., 8111111, 490, 557.

.................... 01809010, 392.
81011010103.

........., 809011, 893, 395, 494.

.................... 01 8110111010, 391.

......,., 80101, 819. ⁴

......, 31911, 553, 598.

.....,...ὲξὲωη 393, 401, 402, 490, 511.

......... &omn 00, 428, 429, 430. 481,

801001, 8101110, 147, 235.

801100, Agnes 00, 448, 544.
.......... ouban 00, 492, 541.

........ ., 809011 00, 541.

.......... william 00, 448, 455, 500.

8010110, 800011, 80010011, 801000, 81100,
8001101, 392.
......,.,,6ὲ130110 118, 284, 458, 490, 539, 834,

...,.,...,80101, 332. 418, 428, 430, 455, 489,
470, 499. 589.

.......... 81011110, 557, 594, 595.

.......... 809011, 250.

8190100, 81090100, 8111901000, 10110, 104.

.......... 1110110101. 01 80111011, 108.

.......... 8109010, 203.

....,80100155 ·
.......... Thomu, 118.

Braeebtii9 ,Ξηηιὼήμ 10110 01 10110 00, 155,

8110091, Hugh, 01 9901110101010852.
........., 811000,018100091,251.
811011ἰῆ.. 11101911010, [001101111010111001 prior

8100010110, 8119011, ml.
Badew’ 8100109010, 8109010 00, 474, 509,

· .......... 1111101111,100,101, 110111, 110,
114, 010.

81000111ος90, william 00, 81, 91.

8100110110, (1119011, 288.

8100109110. See 81000011οι0.

8100101, 00. 8010110101, prior 01, 123.

810000, 10110 01, 238, 258, 287.

810110, 11101101οι, 819.
.........,810100,391,425,489,832.

8101010. See 81101101.

8111ωέ111, 8010090110, 10110 110, 287.

.......... 0111111110, 149.
........., 8011011 00, 149, 237.

889

8101011100. 1001100, 845.

.......... 10110 do. 395, 434, 489, 498, 504.
Ἰ ,........,1110110Ιο100,494,498, 845.
1 .......... 8010100398, 483, 508.
1 ῑῑςῑῑῑῑῑῑῑ1ξ181ῗῒ11·
l .........,,Τ110010100.820.
Ι .......... william 00, 41, 89.
J 8100011101111, 81011010 00488.
j 8110001100, 1100110098.
’ 8101109, 81000011. 00 81000001, 1111111018.
.......... 1090, 573.

.......... 8011101100, 833, 834.

.....,., 1110110100, 408, 480, 518, 578.
Brund, 809011, 58.

.................... 01 80101ομ0181, 234.
8100000100, 11111011 00, 395, 498.
81011000, 80111100, 458.

.......... 1011000447.

.......... 8110100100422.

8100110181010, 80901100, 97

810109111. 8018100091111.

8101101, 81011110, 808.
Bruunoffitbre,wlgrauloentwe¹ 10001 00, 440, 452,

.......... 0111001111, 403, 409, 411, 437, 440,
515, 528, 517.

8100000101, 1090 00, 149.

.................... 10110 000 01, 149, 203.

.......... william 00, 149.

81000011, 8101100011. 810 8110011.

8101, 1090, 579.

.......... 010001019011, 58. ’

.......... 80901110, 423.

.......... 1111111101. 70.

81019001, 81019018101110111, 11100, 181.

.......... 0100011110, 150, 181, 185, 220, 222,

81019100, 809011, 9101101101 11001100, 820.
81011011, 8101011, 8101111011, 10110, 258, 259,

......... 19101, 01 80091, 349.

.......... william 00, 172, 175, 225, 259, 305.

8100000000, 8101001110 801 81100100.

81011000. 8008101111.

81000101, 8100101, 8101100, 8100110,111100,802,

......,., 8000010100, 480, 814, 848.

.......... 0011101110, 495.

.......... 109000, 391, 404, 407, 422, 450, 458,
458, 517, 522, 525, 550, 582, 802.

.................... 1101010101, 489.

81009010 (sic). 811 8108100900.

81001100, 8110111110, 1110110110 00, 410, 525.

810010, william 001, 94.

8100101, 8100110. 801 81000111.

8100011111, 140010 40, 90.

8100000110, 10110 00, 423.

8100οο, 9111110111, 120.

810110. sae 811..

8101101. See 810001οι.

 

