770 INDEX OF PLAGES.

059155. 855059155.

05995555. 8550599555.

0051150551. 855 chartham.
01109[9968121ἒ19152]99115109,1151509, 11155.. 102,

011551595110. See 0155195110.
0111159055, 11551, 0. 18, 40.

.......... 0119590515, Nol-1011, 480.
0111551155,01511ο5,1151555151,101.

.......... 5011150 51 108.
011959051585501111590515

0151510115, 610951959015, 85115111. 435, 404,

011509 [15 811190 55 85151 01155509, 0115509,
(ἔι95520195.2(ἔ3191211ἆξ9,28ξ11ἓ1160 151,179,

01515964411511511, 394. 478. 495. 500. 043.

01551511ὲ181ὲ99. gg? 0151151515 Pom, Line

5111515111, 5111111159511111151455, 511.

572, 574, 633.
0155, 0159551151555151, 123.
......,..5011150,111.
005115ὲέ, 015551515, 019551515, 1151555151, 97,

.......... 5051οο 51, 109.

01551οι15, Lino. ,180 247.

.......... 50515051, 331.
9150555 51 333.

0155195110, 011551595110, 11155,172, 173,

0555555ιὲ995[1917515150551],,.0555995551555

......... [09 9715901151] 05599551555, 0555·
9955515558551. 10, 20.

059511059501111151555151, 102.
0515[15ἳ15551511]150515,1155130.
0511051155,οω05111115,11155.. 1391841240.
05505119156115010550515.οω05115,11551

05115509. 855 055509 Μ519555
0511505151, 0511105151.11551,14.

0511009. 0595509. 0515509, 11155.,180, 342.
0555509. 85505509.

0511501111. 05115111. 855 0510111.
0551509. 855 055109.

0511105151. 855 0511505151

9 0595509. 8550551509.
1 0510111 0555111, 05550511, 01110111, 11155..

140, 181, 210, 220, 242, 243, 271, 281,’
295. 307. 343. 344.
.......... 50515051, 314.
01509[151151551109],015909,Ῑ1155,188.
,01515εο9, Gru 55509. 01915550 (171) Grey.
55109, 0155.. 133, 134, 183, 280. 201,
275, 2” 0 354.
.......... 50515051, 315.

051510519505115510519,0515551105191,
05151οο19,051511515,0155,109177.
223, 245. 251, 254, 205. 274, 275, 303,
.......... 50515051. 319.

1 015595,015595,01555,11551,8,18.

185, 186, 226, 221, 247, 248, 306, 308, ι 0155105111,11155..191,252.

...,505150 51. 330.
01555155, 0151551511. 051555151, 122.
.......... 0155155, 505150 51 111.

015509.10155550944.0155509. 0195091ιί115,

1 .......... 5011150 51, 313.

01551οο19 [15 859559]. 17511511, 408, 450, Ι (77277277 (7747494 71010 12 33

0155155.2 855 01555155.

0599155. 055 11519155.

055509 01519555, 05115509,1151555151. 118.
.......... 5011150 51, 117.

0551115155, 0555195155. 855 0555551555.
05559915. 855 0559151.
0555995551555. See 0555555555.
05515515οι15, 11551, 13.

0559151, 05559915, 055911. norton, 454.
.......... 951150 51, 010.

05599555555. 85505555551555.
51111111 [1191111111 5111111, 1111, 51.
051555155. 955 1751555515

05155155 [15 11501 0501555155, 11551, 20, 75.
0515509. 855 05111109

0501155155. Sec 05155155.

0515555159. 855 0515159.

0555109, 0115951509, 0551951509, 11155.. 144.
147, 02, 200. 202, 208, 251.
......... [1511515111151 11155.. 354.

0555551555, 0555155155, 0551115155. 055519-
5155, 11511511. 440, 455, 541, 590, 030.

1115955555,11551. 17. 40, 41.

01591590, 551 0,15959οιιι5, Gru 0515 ,Grang-
nm, 11155, 140, 185,1,210,259.

¹ .......... 28505150 51, 330.

0111955509. 855 01515109.

0159119οι151. 8550159019οω.

01555. 855 015595.

0151111οὲ2, 01511515, Lino.. 170, 187, 213,

015551515,01551, 011551.. 373.
.................... 505150 51, 378.
......... ὲ811119113ἓ2925119515]. 1111551.. 373, 875,

0155591130,,015559150.8551555 17551, 115115

0155105111,01510551.11155..,179, 180. 245.
... .,5...0515051 327

0151119ἒο1ξό 01515950, Lino„ 1811247. 264,

...,5011150 51, 329.
015111195Η10519 8550115015105195.
0155591511. See 0155119150
0151195. 855 015595
0155901115. 850159159οι5.
0155509. 855 015109.

 

