INDEX OF PLAOES.

Bomnoy. Old, 30103 3001303, 11301, 27.
3010110311. 8303000001.
Rougetou. 830 3000100.

1100313ξ,1 ί1103103310, 3000310, Line, 107, 191,

301353. 83330111.

Botholsvorth. 83330001301301111.
30113353, 30113313, 1101003103, 122.
.......... 0111131 01, 113.

3011133, 331033131, 31303033 01, 115.

1101301333.. 133133, 333, 337, 313, 331, .
333130, 303. ’

.......... 010301 01, 915.
3011313. 833 113153.
3000353. 833 3003053.

110ος1001, 3001313, 30011301, 11031011, 410,

417, 453, 539, 595, 034, 035.

.....,...,..Ῑ ....... mahom.

.......... 300100, 30011100, 3031100, 303103,
ί1110531011, 435, 430, 405, 513, 514, 575,

3030100. 833 303103.

303353. 8333300053. ,
’ 3003100. 833 3131100330 30330100.
3033131330. 833 30011330
30313100, 3000100, Lino„ 190.
Boxum. 833 30310100.

30051, Lino„ 184, 248.

.......... 01030101, 032.

3131013033 303ος1331 nomm, 3013- 1

ham, 303301, 31311310, Lino.. 149, 176,
190, 204, 250.

303103 [10 Β300113313],3033100,11110., 169,
182, 224, 308.

303000 [5](1001133131031333000, 33000
11031011. 407, 450, 522, 562, 014.
................... 031131 01, 007.

......... [5311131 Boydon, 11031011, 094, 477,
433, 130, 344.

30011010. 833 30081310.
3001100. 830 30031100.
30011030, 301103, 3311ος3, 3301, 5, 12, 60,

30011330, 301310000, 3011000, 3013131000,

Lino„ 143, 177, 200, 284.

.......... 01030101, 317.

1100100. 833 30001100.

3001301. 833 30001310.

.......... Euat 030 17331, 11011011, 403, 404,
401, 516, 570, 577, 030.

30300100, 11301, 00.

3031310. 8333003100.

30811011, 303100. 833 30081100.

3013113), 333130, 111000.. 373.

.......... 0103011 01, 378.

3001008131 [10 113301 3001330311, Inna.. 82,

Bm& 111ἐ32111, 5Iffington, Rongoton, 11011011,
.......... 801111, 30033100, 11031011, 451.

790

Runhagmngssgale' 11031011, 445, 482, 534,

1111011101, 11031011, 470.
300100, 3003103, 11031011, 405, 430, 404,
513, 514, 015.

3031011, 3001311313, 3303311313. 3111031313,

Ι ,γ ἓ50331011, 11011011, 478, 490, 561,

31131106013113ᾒο 1110315333]Ι 3335003113, 11301,

30311030, 3031330311. Russheworth, Nor·
1011. 442, 457, 531, 588, 049.
......... 3131001033 10, 049.

13310003, 3313801313, 154. 100, 300
¹ 200, 250, 330.
1 3003310311. 831311311οι0.

300010.ῧέ Ῑέῑίξὴῦω. Norfolk, 424, 457· 551· ³ 3033110103. See 3131100,

3033103001. 80130311030.

ῑ 303100, Euat Biston, Rystoun, 11031011404, '

&ughffinughwn' Rumn’mu⁰'’18⁰¹l⁸l' ,Ι 31101εγ[10110311 Cray], 3010313, 1133150.

435, 409, 505, 507, 568, 021.

333101, 3333330, 3083333110, 11301, 2, 17,

3310131335038, 311010103031 0001111113,
ἔ70831061817, 404, 400, 400, 510, 518, 570,

33000. 833 303000.

331313. 833 3153.

' Ryngendon. 8013105310οο.

Ryngoethorp. Senningstorp.

Ι 33013103. 833 3103101011..
’ 33081000. 833 3111813110.
, Byngylmero 833 31331010οτ3

Ryngylton. 833 1110313100.
Rypar. 833 31103.

Bypple. 833 Ripple.
Rysbourne. See 3031500303.
Rysing. See (133113 313103.

1 330130. 8003010110.
’ 333103, 313100, 11011011, 309. 451, 508, 571,

039, see 0110 8003011100.

¹ Bystoun. 833113010011131.

Rysum. See 3133101103.
3311331011. 833 3031011.

S .

8300100111020,800300103, 1010311133, 01030101,

, sam 44⁰³& Norfolk, 331, 3334331110,

81. 30110130, 0001331033, 11301, 10.

81. John [110 33011311 30313101, 11001, 04.

8113333303, 00313101, 11301, 20, 03.

81. Margaret. 833 Hoo, 81. 1103333311.

st. 1030131031, 13, 27.

8111317. 833300,81.11οῃ’3., ,

St. 113ιέ in &effrem 81. Ὶ11033 011001,
ont, , .

 

