814 HUNDREDS, WAPENTAKES, DEANERIES, 515.

Lucem—cont.
8555 (31553511) 511-15111. 1

11111551511,Τ51511515,1511111515,
ξξὲ1111515, 155, 175, 206, 230,

1ΜΜΜΜ

MIDDLESEX.
mm.
memmm

Demery 51 :-

Υο11,1111ορο1,150,204,238,289. 1 middlesex, 377 .

wapentake· 51 :— ¹ 1155111581 511·-

Η5111561 ¹ Edmont0n‚ Edelemeton. 373382.

Emffiffl ἱ mmm&

(1515, 373, 382.

1515115111, 372, 382.

London. oity 51, 383.

0115111551, 0151151155, 373, 383

8351115155, 372, 380.

1111155, 184, 887.

Ι 8111111511, 184, 370.

Κ5115155; 1
4551161515, 189, 250.
1115111511, 188, 250.
3511515115, 188, 250.
8551113, 3513, 191, 252, 336, 367.
1115111511, 189, 250, 336.
(1151155, 131, 252, 336, 368.
155351,11153515115,190,250,368. Ι
11115655, 191, 251, 337. Ι
Nm, 187, 252.
111813653115155, 2115151151, 190251,

NORFOLK.

1155551151 51 :-
Blofleld, 611.
81555151, 609.
11111111, 610.
81551, 811.
85151515, 608.
(1155111511, 607.

neeman, 011.

winnibriggs, 190, 251, 335.
11156153, 1151111161531

Moy, 183, 255, 354.

Ηὲἒῖωοο. Η111511111ο115, 182, 260,

5516515131. 8551511515531,
1561515531, 183, 264
wmmmww 1 mmm
15115155313518515131,15115131,1 1101115113608,
mmm mma
8551111615311531151111, 610.
35115311515, 181, 345. Lynn, 1155115607.

6885515111, calavath, 178, 256,

0556151155, 178, 258, 343.

(1121113513, gamm, 855115 (111), 180,

11111, 179, 281, 840.
Romanula, 5515, 180, 340.

115511· Bake, 1156511, 1155115111177,

264, 352, 368.

1156551511, 610.

1155111511, 609.

83511551, 610.

2515151515, 612.

stafford, 609.

15111551, 610.
1115151531515608.

11511551, 1151155551515, 811.

11158351, Wraghou 179, 269 360 Hundreds 51 -

Weotriding·

1111555, Β5515115115, 186, 254, 355.
(3511153155, 187, 259, 365.
1111155185.

151115113681115111, 111511, 186, 263,

11115153, 184, 266, 363, 371.
0111181165355.

81585111, 417, 472, 544, 597, 621.
Β1ἕέἓο151555, 403, 460, 515, 510,

cfflmffimmmm
Qwfflffimfflffl
mfflQmmfflm
ssssfflmmmm
mfflmmfflmffi
574 ..,855111, 389, 482, 485, 554,

5ὦ555555

 

