1111101 OF 111000.

8010110116, 1415001 and wat, Bnmfingo, 11001, 1

80100111. 600801001611.

8010011. 8008010011100111111001611.

801001, 111ῑο10, 80100100101001, 11111110, 674.

8010011110110111,8010011],8010061 ,80100-
ἓῇ11100, 158, 181, 262, 295, 3, 642,

.......... 010101 01, 616.

801001, 801001, 11011011. 456.

80101010 810010. 80101001. 11011011,Ι 445,
482, 564, 565, 591627, 628.

80101ος100, 801 8101080101310101111110,

11011011, 462, 486. 554. 617, 618.

.......... 11010001110601010γο01000 110111,
ἔῙιέήοΙζ 465, 465, 516, 515, 575, 615,

.......... ’10110311001010103101011101010101-
1010, 1000 8010131010, 11011011, 465,
465, 516575.

8010011111] 10 8001, 80100111, 8010011,
80100111],Ῑ1100., 186, 1144, 655.

.......... 01010101, 615, 616.

80100. See 8011011οο 11010101.

8010011. See 8011011 upon 8001.

8010ος1, 12001. Seewestborough.

8010110. See 801110068011011.

8011011οο 8010101, 8010110, 1111110, 80100,
80100,Ηο0.,152, 181, 229, 291, 644.

.................... 01010101, 614, 615.

......... 1ιιίξ1001560101,8010010,8010001101000101,

.................... 010101 01, 115.
8011011151, ffibffimhoby, Bourhby, 11100..

Βι101οᾓ88ε8017, 11011011, 405, 466, 460, 518,

......,.., 110111, 406, 406, 460, 515, 516, 518,
576, 578, 667.
........, 11001, 405, 460, 518, 578, 667.
801100,11000.,90.
......... Lino. SeeBroughton.
.......... 8011100, 11100,160, 161, 175, 182,
’ 246 270216 642 646

.................... 010101 01, 616, 614.

......... 8006101, 801100, 801100 81006101,
11011011, 699, 451, 508, 570, 571, 668.

......... [10 8001001 Iane„ 82, 89.

........ [10110 800001 101000101, 102, 104.
......... vars. 80110080110011011011, 468,
486, 4844851111, 556, 617, 619.

80100, Bam. 8008011011οο 11001101.

80101011, 1101000101, 102.

.......... 010101 01, 109.

80101101, 80101111, 801010, 11011011, 410, 411,
468, 469, 440, 452, 516, 526, 525, 526, ¹
584, 585, 640.

8000011001. 81080001011010.

800011]ος11οφ. 6008000101110100.

8001031001. 6080001ος1001.

80010311οῳ. See Bauingthorpo.

namingfflmmnagssgm, 101.. 110101,

19462

756

8000ος110100, Buewyngthorp, Bmingthorp,
Bmynthorp. 11100, 168, 188, 211.

800100, Lino„ 127, 187, 192, ’

80010101, 11011011, 467, 470, 471, 510, 621.

80001011οφ. 1800800010ψο1011.

8110]ος1001. 80080001031010.

8011010, 8011010. See 8010.

80010101, 8010110111, 8110010111, 11100, 160,
181, 245, 262, 274, 640.

.......... 01010101, 626, 627.

800001. 8008011001.

80010131, 11011011, 486.

80060000118011100010110, 11011011, 466.

80000161800001, 11011011, 408, 450, 522, 582,

.......... 00110101, 607.
801111ἓῶ1οἔἑὲ11 401, 402, 402, 511, 512, 5721

.......... 001101 01, 612.

80000οἐ100 {Ii1133WestwelU⁹ 80001000600100,
00, , .

800011οῳ [10 11010100 10 111001], 80011010,

Iaino.y 242, 209.
8001110100800. See 8011010600.
800001001, 1101000101, 121.
80001000ᾶο000. 6108000000100.
8000010111. See Bewfleld.
8000101. 8008011011.
Baby. SeeBoeby.
Bocby. See Bigby.
8001010. See 80011001.
8001010111, 11100.. 182.
8001001010, 8031001001, xant, 10, 48, 51.
8ω1011ἑ1700[1ἕα1)101100], 801011ος, Ι1100.,1’19,

Beokevtptllk [ἑὲ961011 801100], 801111οο, 1101·
8001111111, 8001ιο01, 8011010, 11011011, 466,
462, 464, 514, 616.

ΒωῇῃῖιὲΞἻῼὲεξέιᾷςωω, Lino.. 129, 160,

80011ογ [10 01011], 801010, 11001, 41.

8061001. 11001 0111191001, 8000100010, Middx„
672, 674, 680. ’

.......... 01010101, 678.

8061ος10ιο, 11011011, 462, 479, 500, 564.

.......... 8101100100 10, 626.

80011, Baby, 1101000101. 01010101, 114.

8000100000, 8110000110, 8101010 (sic),
6116610661111111

800101γ,801001γ, Line.. 183, 655.

.......... 010101 01, 615, 617.

80001] [10 1101101111, Lino.. 182, 654.

.................... 010101 01, 616.

......... [10 110 1110101], 800011, Lino„ 178,

.,211ἶ.....,11111111,001,000.
8000110111. See Besthorpe.

66

 

