INDEX 01⁴⁷ PLAOES.

8111111, 11111, 71.

Iano.. 81, 86.

.......... Lim. 8118111111.

.......... 11111161., 374.

.......... 11111111, 434, 468, 504, 567.

......... [11,-111111 11111, 19.

......... 1[915]11111111111111111111,1291311192,

......... 511ξ2111111, 8111111111, 8111811111, 11111.

......... [Ohoney]‚ 1111111111, 102.

.......... 1111111111, Kent. 16, See 1111 1
Suttonbynom.

[in 1111 mm, Broughton 14111111.
1111111111, 98103.

[111111111111],11111., 172, 178, 225.
257, 305, 347, 350, 352.

.................... 11111111 11, 321.

......... [Iaong]‚ 811111, Lino„ 183. 363.

......... valence, Kent, 16, 39.

81117111. 811 9711111111, 811111.

8111111, Lino.. 156, 165178, 222, 231. 257,
258. 301, 347. 349, 852.

.......... 11111111ο1,322.

81111111. 81181118116.

8111811111,811 ham, 8111111111, 11011111, 446,
447,4 ,541,543, 597, 635.

8111111ἓὶ981111111111, 11111111, 468, 485, 054.

8111111111. 8118111111.

811111111111, 184.

811111118181111111111, 81111111, 11111, 4, 26.

8111111, 8111111, 8111111. 81111111, Lino„
ἐξ. gg, ε,1ξὲ 237, 242, 249. 255, 276.

.......... 1111111111, 315.
8111111111. 811 81111111.

8111111111, 8111118111, 8111118111811 -
tbffi.. ί1141211111, 415, 466, 537, 539, 533,

811111116181111111111111, 11111, 8, 19, 48.
8111111111, 8 ystorp, Sweynosthorp‚
11111111, ,474, 532, 626.

8111111 [1111101111 Κ111,25.

......... [11 Μ111111111], 11111, 46.

.......... Lino. 8118111111.

......... [1181111111 81 poton, 1111111111,
11111111, 476.

......... [11111111 11111111, 389, 463, 487, 617.

......... [MorleyJ. 8111111111, 11111111, 416,
417. 454. 539, 540, 595, 634, 635.

......... [1111111], 11111111, 401, 402, 461,
511, 573, 633.

8111111111. 811 8111111111.
8111111111. 811 Whaplodo.
Smbyigbwffibffliffld 128, 135, 162, 189,

1111111111111111111, 11111111, 476.
8111111618[11111111111],8111161111ς, 11111, 23,

samby. 8118111111.
8111111111. 811 81111111.

19462

8111111111. 8118111111
8111111111 8118118116.

8111111131 11 Hnrdingham, enthyngg.
11111111. 391. 4211489, 556.

811111, 8111111111, 8111111, 8111111111,
miggtg'n, Lino.. 185, 158, 176, 189

8111111111, 8111111111, 144, 188, 200.
8111111111, 8111113111. 811 swannington.

1 8111111111, 1111111111, 120.

.......... 8111111111, 1111111111, 114.
Swordelyng. 811 81111113.

Swerdiston. 811 8111111111.
Swoynosthorp. 81181111111ο111.
Sweyngton. 811 8111111131111.

8111111111, 8111161111, Lino„ 191, 368.
811111ἰ1ῧιέᾶ,3861ἇ1111111116, 8111111116, Lino„

81111111ἰῧῖρο2ἑ1311 Harby]‚ Squemstorp, Lino„

81111116, 8111111116, 1111111111, 99, 101.
811118ξξ1, 8111111116, Κ111, 11, 25, 30, 31,

811111οῇ6,ἓέ111111, Line.¹ 134, 183, 261,

.......... 11111111 11, 316.

emma, sumam. nim.. 141. 111, 111,
mfflmmmm

8111111111 [1181111116], Lino„ 245, 254.
8111111111ὶῖ swythlond, 1111111111, 11111111 11,

Svynefeld. 8118111311111.
Swyneford. 811811111111.
8111111111, 8111111111οὰ See 8111111111.
8111111111. 8118111111111.
8111111111. 8118111181111.

Swynhop. 811811111111.
Swynystorp. 811 swansthorpo.
Swythlond. 81181111111111.
8111111111, 815111111111. 81181511111.
8111111111111. 81181111111116.
sybesdon. 8118151111.

γ 8111111111. 8118111111.

8161111111, sidentem, 11111111, 403, 461,
515, 516, 576. 577.

8111111111, 8111111, 1811811111.

Syleby. 811 Siloby.

Sylosbregge [11 8111111111 11111, 29.

Sylkby. 811 Willoughby‚ 8111.

81111111. 8118111116.

Sysonby, sixtenby‚ 1111111111, 118.

811111, 8111111111, 1111111111, 1111111111, 118.

8111111111, 8111111111, 811111, 81111111,
Line.. 170, 190, 213, 251.

Sythingo. 811 81191113.

8111111111. 8118111111.

 

