INDEX OF PERSONS.

Holmyngham. 1155115 65, 418.

ῐ11555555 65, 415, 436, 538.

351155. 85535155.

35155556, 51555455.

35155511, 3511555511, 35155511, 3111515511, 3515-
55111515, 121. 149, 281.

.................... 51 (15555, 355.

.......... 1115555665, 295.

.......... 355551 65, 121, 208.

......... william 65, 136, 158,171‚ 173, 225,
227, 232, 254, 277, 808.

35155155. See Holgoton.

351555, John (15, 233. 237, 255.

75115555 65, 233.

.......... william 65, 287, 289.

35555ςῆ5, 3655556 65, 415, 425, 444, 466,

3555555155, 7555 65, 519, 544.

.....,...,15555565,486.

3515555515, 855 35555515.

35555555, 35551555, 755565, 484.

.......... 3155556 65, 427.

Hommyng, John, 589.

35555565, 3555555515, 35155 (15, 403, 405,
460. 515, 517, 576, 578.

.......... 35555165, 499.

.......... 1155515, 527.

3555551565, 1155551 65, 37.

Hnmptsgss,⁷ 35551555, 55. 11551511, 55155 51,

limgo. 855 3555555.

355655, 7555, 556.

.......... 35155, 444.

115565, 7555, 579, 580.

.......... 355551, 579.

35551115. 855 1155555515.

355515. 855 115515.

35555555, 355551 65, 445, 535.
35555551, 1111555165, 44.

35515, 355515, Hubert 65, 8.

.......... John 65, 47.

355555515, 35551115, william, 415, 537.
3555555, 355555, 7555, 266, 284, 300, 336.
.................... 51 3555155, 361.
355555555555, william 65, 51 351155, 234.
fleury, 51155 555 51, 162, 208.

.......... (1115551 555 51, 88.

355551, 55551, 188, 139, 215.
355555 and Brodhohn. 855 8555655155.
355. 855 3555.

3555165555. 855 3555156555.

3555551, 3555556, 35556151, 483.

.......... 7555, 519, 544.

.....,..., ...,...,, son 51, 126.

.......... 115155, 442.

.......... 3155556, 550, 558.

.......... 355551, 896.

...., ...,...,, 555 51, 189, 199.

.......... william 555 51, 126.

35555, Hugh, 70.

699

3556555555, Hugh 65, 97.

3556555, 3515565, 196, 198, 207.

.......... John 65, 139, 157, 198, 207.

3555. 855 3555.

35551556, 5551 51 , 15565 5516 51, 251, 869, 873,
11} 881, 417, 419, 460, 487, 531, 599,

.......... Thomu, 515555 51, 920, 844.

3555155503551556, 755565, 417, 422, 456,
95 .

.......... 97551565, 422, 550.
3515555555, 35555 65, 147.
355155ὲ8111558ἒ5255, 3551555, 111556 65, 375,

.......... 115155 65, 876, 883.

3551556, 7555, 414.

3551555. 855 3551555,

35515555, 35515516, 50.

3555555, 7555, 605.

.......... 1111111515, 691.

35555, 7555, 68. ¹

35555, 355555, Roget, 5555155 51 5151651555

5511555, 56.
.......... william, 616.

35555655. 855 35555655.

3556556551. St. Olavo's [55. Saffum, 55155
51. 896, 508, 566, 625.

35551, 755565, 6, 25, 34.

.......... 35555 65, 6, 25, 34,

1155551. 85515511.

35515, See 35515.

35511556, 55551555 51. 85511551555555.

.......... 5551 51, 15565 5516 51, 88. And 555
3551555555.

355115. 8553551155.
Hervey, Hervy. See Harvy.
3555556, 055115, 554.
.......... Margaret, 616.

· .......... 355551, 616.

3555556551, 7555, 496.
355555, 355555, 0115551, 70.
.......... 7555, 43.

.......... 3155556,31.
3555515556, christina, 28.
35515115, Hugh de, 88.
351555515. 855 356555515.
35155, 351155, Alexander 65, 44.
.......... 1111115565, 22.
35155515). 85535515.
35155, 755565, 89.

.......... william d0,84.
Heuenigham. seeflevyngham.
3555555, william 65, 278.
3551, 7 555, 51355155, 532.
.......... 3155556, 504.

35556, Adam, 529.
Hevenynghnm. See Hovynghnm.
35555, 35555, 3515565, 7, 41.
.......... Τ551555,41.

 

