INDEX OF PLAGES.

11115511Ξὸ5 [15 1153115151 11111555, 1151555151,

111115511155, 1111 hton,Wylgton‚Wilogton.
Lino.. 174, 86, 227, 247, 249, 254,
808, 855.

.......... 515151 51, 830, 881.

11111511. 855 Willoughby.

Wilmington [111 Sollium, 1111515155, 11551, Ι
29, 78. Ι ......... [55 115 Η111], 1111115111. 11111515,

1111515111, 1111515515111, 1111515111, 1111551515,
11155.. 155, 191, 206.

111151151115, 1111551151115, 11111551151115,
Iaino.¹ 127, 187, 192, 252.

1111155,5511511,411,459,493,559,655. ἰ
111515515511155151551515, 111155551551, ¹
Wynbotisham,Wymboteeham‚Norfolk, ·

401, 451, 510, 571, 689.
111515511Ξί15, 111155ηά5555Ιά, 1151555151, 104,

.......... 51515151, 113.

809

1115151115, wgofflngm, wigch· ham
21* 111115, 51

1111511153, 1115151515, 11551, 15, 89.
1111511511. 851 1111111511.
11115125671151111,1155.,Νοτ1111155, 156. 188,

Lino.. 128, 146, 188, 198, 202.

.......... 85511, 1155.,85111155,85111111155,
148, 168, 188, 208, 211.

1111151111, W 11551, 1111111111, Lino.¹ 146.
177,‘ 5, 268, 285, 858.

.......... 515151 51, 818.

1111155113ὲ 11111551, 1111155511, 151555151,

.......... 1151555151, 51515151, 117.

4 11111511515551515155. 855111115151511.
² 1111151151, 1111151151, 1151555151, 126.

1111111111110011, 1111311 · Lim-1 130, 165· 1 1115510515, 51515151, 110.

180, 221, 245, 272, 800, 840.
.......... 515151 51 , 827.
111551, Eunt, Estwyuohe, 11511511, 450, 523.
ο ,,,,,,,,,, 11551115511115515, 111551, 115155,

11511511, 407, 450, 521, 581, 013. 1 ,
χ 111115511, 1151155511,11555.,86.
1 1111151155. 855 whitlingham.

Wimhffdznffi TunbridgeL Dudekyndenne‚
55, .

Windle [in Ρ1555511, 1115111511, 115115, 89.

11111515, 11111515, Lino„ 178.
.......... 1115155, Line.. 51515151, 322.

withington [in 11155155151], 1111115155,
ἔ1911ἑ1ἑ5115, 11111151155, 1555, 81,

,,,,,,,,, [5111ρῑῃῑῃέι,ω,,],ψῃάθ],,ΝΟΜ, 1 111115151515,111115151515,111115115155515155.
480.

.................... 1515151, 611.
11155151551515. 855 Wimbotsham.

Winhrthing‚ W oferthing, Wynneferthing,
11511511, 98, 478, 494, 560, 648.

11151515 [alias Lower Garrington in Little·
155155111551, 21, 81. SeeGarrington.

wingfield [1581511555111], 1111115111, 11551, 86.
1115111151, 111535151511551, 10.
11155154ιὸ115 Gillingham]¹ 11155155, 11511511,

11151511511551, 1115111511515, Lino.. 181,
184, 247, 286, 278, 864.

.......... 515151 51 , 882.

1115151115, 111511151155, 111515115511155,

111111515511515, 11551, 6, 12, 27.
1111155 [in 215511151511111155, Imm.. 85.
.......... 1111155, 11511511, 418, 467, 472, 484,

545, 558, 598, 622.

1155155311 15155, 11511511, 402, 462, 511,

11111155. 8551151151155.

1111511. 8551151111.

1115511. 8551115511.

1151511151. 8551151115175511.

115115 1151155. 8551151155, 115511.

1151151ἓ151511315, North. 851Β5151511551
511155.

115555111515. 85511555515151.

1151151555. 8551155515555.

143‚184,185‚218.267,283.364‚305. 1 115115155555. 855 111115 1155515555.

.................... 51515151, 832.
.................... 11555551 155551 15, 364.
.......... 11511011, 470.

1115115 ,1115111511.1155., 130, 183, 178,
⁰ 5. 258, 259, 272, 274, 275, 846, 351.
.........,311’5ω55,555.

11111551. 855115151551.
1111551515. 8511515591.
1115511511. See 1115111111.
1111151155, Lino„ 181, 215.
.......... 51515151, 828.
11ίωί1115515. 85511115555511.

11151511, 11551555, leicester, 515151 51, 112.

winton, 1115511511, 1555.. 87.

11οά5515111. 855 Wood Enderby.

ι 1151551515. 855 115111155Η511.
ἱ 1155555151115. 815 woodnosborough.

11515155. 855 1155111511 and 11551155.

Wodplumpton. 855115511151511155.

1155115111. 855115551151115.

Wold 11511155, walde. 11155, 188.

1151651551. 8551155181515.

1151511151. 855 1155111151.

1151151155. 11111155, 115115115511511511, 408,
449, 522, 51, 582, 618.

1151155115111. 855 Wooluthorpe.

W01ri0b5,Wolrigb5,Wolrikby. 8551151111.

1151511511. See 1155151151115.

1151151ῧέ, 11511511, 889, 468, 487, 488, 555,

 

