738

2511010150, 2110010151, 25001ζ15γ, 3111511110),
{ff} 1232, 233, 23 , 284, 289,
33300911100000101, 001, 000,

....-.., 01 1011010310.
.................... 01300100, 351.
.................... 0125000150, 341.

-......, Thomas 50, 259, 269, 289, 292, 304,

......... 55.1.......,0111101γ, 000.
......-, william, 0125000150, 340.
25005οὲῗὲ23ἰ1ἒ1152055005, 1105011, 193, 435,

.......... william, 123193.
2500111010, lady. 800 80101010.
25011101ιέ0 81010100 (sic), Thyrston, John 50,

.......... 1015 01, 533.

.......... 11105015 50, 412, 476, 430, 527.

250110152501015, 25011015, 85011015 (nic),
2011015, 00. 11011011, 1000110 01, 397,
ἓξ, 455, 457, 474, 503, 523, 566, 602,

λ .......... 2011015, 201015, 20110115, 1105011,
01 Kale. 345.

.......... 11000150, 171, 225.

.......... william, 258, 275.

......... . ,...,...,01 11010140.

25010111ἒὲ0, 25011115010, 505050, 263, 233,

25000150. 800 200150.

2551000500. 800 2111005010.

251100, 50 20100, 201001, 447, ,542

.......... 110105, 542. ⁴

2511111015. 300 25011015.

2500501, 800 200501.

2501100. 1300201100.

2500110,1410100501 100 01, 170, 213.

.......... 5050, 005.

................... son 01, 132, 209, 401.

......... , 00001 501000, 45.

.......... 1105011100 01, 90.

.......... 2501000 son of, 163, 241.

.......... william 100 01, 233, 290.

25000000,2001111000,20010001000011011011,
college 01, 302.

.................... 00110101, 343.

2501000115. 800 2510000115.

2500510010. 30010015 50, 23.

250110. 8002001.Ι

25οο50110. See 20050100.

25010150, 25011150, 0001110050, 229, 271291.

-......, 5050, 237, 233, 279, 299, 302.

.................... 01 010151, 237, 357, 932,

25010, 5050, 585.

25010500, (11100, 578.

2501005010. 800 2501051110.

4150100110, 2501000100, 170100, 416, 540.

. .........‚ 110105, 539.

INDEX OF PERSONS.

2501051101, 2501005001, 0050 50, 421, 549.

300. .....,...,5011050, 549.

.......... 11105015, 01 0011051, 335.

250105111, 1110110, 33.

......... , John 50, 90.

2501050101, 0011100. rior 01, 134, 173, l 5,
ἓξῗ, 227, 236, 7, 236, 307, 303, 309,

250100οὴ0. 800 2501001γο.

25010100, 14100 50, 173.

.......... 5050 50, 133.

.......... 21050150 50, 138, 214.

.......... 11105015 50, 249.

.......... 1105011. 255.

.......... 31001100 50, 226, 303.

25010100[001111], 0011100, 0550101, 131,
138, 140, 142143, 150, 152. 153157,
172, 174, 215, 216, 217, 213, 228, 229,
231, 234, 238, 253, 257, 279, 279, 231,
283, 234, 289, 291295, 303. 308, 344.

2501015, Walter, 20.

250100, 25010, Agnes 50, 123.

-ἫὼὼΜΜΜΜΜ
439, 446, 521, 524, 523.

.....,...,14101050,417.

.......... 80011100 50, 517, 524.

.......... Christiana 50, 404, 491. 516.

......... ,592ἐ5061ἆο5 50, 517, 533, 538, 577, 583,

mem 101. 313, 326, 327335, 637.

, 0011111050, 130.
.. ,. 5050 50, 83, 392, 409, 410, 412, 415.
427, 438, 439, 449, 444, 443. 449, 450,
453, 458, 459, 430, 474, 473. 481, 491.
494, 521, 524. 526, 523, 532, 557, 584.
.................. 01 henham, 34.

.......... Margaret 50, 123.

.......... 110115 50, 412.

........ , 110105 50, 101.

.......... 11105015 50, 86.

.......... 1101101150, 135, 149,132,133, 173,
203, 440, 524. ⁴

.......... william 50, 223, 309, 090, 437.
.................... 01 30100150, 232.

......... 24de 25010 juxta 17ομ1101,

250105010, 505050, 397, 503.

.......... william de, 503, 533.
25010010οᾰ0, william 50, 507 .
2501001110, 505050, 513.

25011150. 300 25010150.
250005050, 25οο550. 800 20015051.
25001050, walter 50, 135
2501111100. 800 25010100.
25000100. 800 2010100.
2500500100, 7711110111 50, 412, 527. 586.
2510γο011010. 800 2111005010.

’ 2510510115, 2500101, 01 110015, 348.

25101101, william, 572.
250071. 300 2511011.
2110050110, 1100010050, 450.

 

