INDEX 08 PERSONS.

Batlyng, 14194494.. 26.
····⁴···v 1110110301 23, 24·
.......... sora de, 23.
.......... Thomu (14, 24, 30.
.......... 11414444 81.

3103ξῶ4993οΜ, 41444111401141411,

.......... J (144 (14, 478, 481.

.......... Wynoein (14, 304, 406.

Bova, 4441414, 000, 002.

.......... 8141144414, 432.

.......... 841411, 832.

841411, Byvali, 04114, 41 ’.041449 200, 361.

8414419 43⁰⁰] 533111111303bb03 911, 134, 138, 139,
219221220223220233333213

279, 280, 284, 291, 218, 300, 304, 306.

844644, 841441 (14, 483.
8444144,84944(4141141,41144(14,484
.......... John (14 013.

.......... 84441 (14, 433, 018, 610.
.......... 1114414144 376, 382.
.......... 31111414 (14 376, 882.
Beynnld. 8448494411
849441, 1114114144, 44441, 7.
849444, John, 119.

.......... ’11144144 119.
Reynhnm, Reynoham. 844 84141414

8444141144844411448404441141414141

(14 442, 477, 531, .
Mmlgfffiffld' Rnynold, Hubert, 437,

.......... John, 21, 33, 017.

.................... 4134411444. 08.

.......... 11443. 017.

.......... Thomas, 83.

.......... 00111144, 41114411, 302.
84449414). 8448414144.
84941141484444411410. 844841411140.
84411411. 6448411411.

81, 814. 044844.

8114, 9154214, 8111, John, 41 3410444144,

.......... 84141164, 209.
.................... 418111, 242. -
.......... Walter (14, 162, 200, 255,
81411416, namo 444 ο1, 400.
.......... 8414411144 41 80.

.8.,1(444, 44441, 447, 408, 430, 343.
8141141414. See 8941141410.

8141144948, 444141. 844841444141414 (14.

.................... lond· 1141441 391, 400, 423,
444,446,447,406,462,009,,,041042

043, 048, 006, 081, 089, 096, 632, 639.

υυ11911019 441141, 230.
3141941 4 4114. [44411 1114 οι,

fflmwwm

......3001813 103.
.......... 97111144, 471, 474.

8141441. See 8411410.
Riggomnyden. SeeRigmaiden.
81934419ῃέ99 9898904414, Thomu 64, 101, 238,

8191441644, Biggemuyden, 0444 de, 90.
.......... John (14, 83, 90.

.......... Thomu (14, 41 10444414, 00.
8111440999 Bykyngal, 8914119413 do, 428, 481,

.......... 3114144444 403, 063.

9 8149441484464414949990489
9......434141114114114 444.
0441114] (14 024.
¹ 8.,141141414 409, 524. 601.

¹ .......... 41444414, 591,652.
8414489444, 8414441, 097.
.......... John (14, 023.

9 .................... 41 (11141444, 391

² :11:1113111‘1‘123330.

3 814144, John (14 148, 237.

9 814144, 8744144, 8141411134, 480, 604.

3 8144141441, 4441464 39.
¹ 81114111.8448411(11(1

¹ 1141494,4994494992119911474494494,
Hugh 08622
1444144, 418, 019, 044, 040, 008.
.......... Reginald, 483,
.......... &uphem 418.
3144411414. See 8444411414.
81441944, Robore, 01Drington, 200.
8114140144446414, 141. 039.
Biton, Byrm, Margnry 6441, 40, 48.
,9 ......... 81411141 (14, 404, 400, 406.
811144, 4144 de, 89.
.......... 1411441, 80.
.......... 8141416114 80.
9 4444444414
9 841411,(111141·144441 100.
’ .......... Henry 44441, 218, 283.
........., 1149114511 41, 403.
3 = .......... 7414441141, 083.

Ι

Ι ...2414144444 408, 487, 023.
ΙΡ...,1111414441, 408, 023.
9. 291949941 44441101, 128144162193,
3 .......... 8191914111 sonos, 138, 210.
........ &bert 444 41, 90. 127, 140, 102,

.......... Thomu 444 41, 160, 223.
.......... 104114144441, 202.
9 ......... ,2919891994 249ιὲ1 41, 162, 160, 167, 171,

 

