HUNDREDS, WAPENTAKES, DEANERIES‚ 110. 818

LANGASTER.

wapentakea 01 :-
1110113111111, 83, 87, 88, 90, 95.
8501511115111, 84, 85, 87.
0115115111, 81, 86, 89, 91, 94.
1015131511, 82, 86, 93.
bonafide, 83, 90, 91, 92.
8150115111, 81 87, 89, 91, 95.

LEIGESTER.

1111111111 01 :—
11111. See Ookley.
Frmhnd, 115.
emm, 111.
Gomon, 113.
0115111101, 107.
1111011111, 109.
015111, Akola. 114.
8011111501, 109.

0111 (1101110) 01 :-
Bmt, 101.
0511111, 101
11111111, 102.
Hmings. 102.

Η111113001 und 1711111011, 101.

1101111111, 97.
5111111011. 99.
11015111, 102.
11100111, 511500 01, 103.
Ρ111111, 98.

8010113, 104.

verdon. 103.

9711101110 Huntingdon, 101.

17111011, 99.
Η11311111 01 :-

Framlund, 105, 118.

0111101, 105, 122

Gomon, 104, 119.

0115111101, 106, 124.

8111111501, 106, 125.

LINGOLN.

Borongh· 01 :-·-
erimaby, 249, 816.
11111011, 889.

sanford, 8111111011, 388.

1111111111 of :-

1111001, 830.

8051351011, 828.
0110110115, 321.
0110111501, 0111111501, 819.
0011111511, 329.

01111111, 324.

01111151, 315.

Η111, 827.

2011011111, 820.

11111110, 328.

110115-111111, 317 .
Ludborough Lotheburgh, 818.
1111111111, 382.

1715501011, 811.

Wraggoe, 310.

1115010115, 813.

Fees (3101010011-

1151111111. See 4111111.
ΑΙξόιὲἰ, 01 Βο11011, 166, 210, 223.

11111, 111, 111, 11.
51211131οῇ151111111, 151, 204, 228,

11111, 111, 101, 110, 103.
Β1Ξὲ811 (de 11010011), 148, 203, 237,

Βοὲ119ῗ51011, 159. 208, 218, 241,

011111111, 146, 235, 285.

0510111, 143, 200, 234, 283.
(3111101, 166, 210.

01011, 010111, 161, 220, 241, 299.
01011, 175, 225, 304.

01107, 141, 199, 217, 282.
1111100111, 144, 200.

1121ἒῖ11, 51150101, 149, 202, 286,

2101111511, 154, 205, 230, 293.
11111111, 164, 221, 300.

fluunt, 127, 192, 272.

0101011111, 156, 207.

(halley, Grisley, 158, 232, 295.
matinga, 156, 207, 231, 294.
Haye, 159, 233, 297.

Euntingdon, 168, 211.

1111011111, 137, 197, 214, 240, 278,
Liffi‘ssln'ssglgm 01, 139, 198, 215, ¹

.......... 111101, 175.

Longum, 185, 196, 277.

11111111, 153, 205, 230, 292.
maruhan, 156. 207, 231, 294.
11111111, 158, 232, 293.

Peroy, 169. 223, 803.

Ρεὲιὲὲωὲῑᾶψ, 15501 01, 146, 202.

1110511013, 131, 195, 239, 274.
20111001, 170, 224, 304.
81111011, 168, 211.

 

