712

naamon, 1100100100. 1100000100, 011000, 01
1100001οο, 862.

.......... 8101000 00, 890, 891, 425, 426, 489.
.......... Thomu 00, 488, 489.

.......... william, 682.

80001ὃ11810000, 00 110001, Walter. 87, 547,

110ορ00. 8001101100.

1100001000, 8101000, 164.

.......... Thomu, 118, 120.

......... , ..,......,0100111011001000100, 104.
.......... william 00, 97.

11001011. 8001101111.

110010000ιο, Agnou, 527, 528.

......,.., 1010, 499, 500, 502, 527, 528, 568.
1100101, 801001, 01 80111000, 214.
1101,1101, 101101, 101101, (10011001, 485.
........., 1010, 510, 511, 604.

......,.., 801101, 401, 402, 511.

.......... Simon, 259, 274.

1101100000, 00011110 00, 89.
11011000,1000, 0180000101, 59.

1101110, Rich-fd. 74.

10010. 8001101000.

11010000,1010, 889.

110100, 11010, John, 481, 579.
.........,8ο1001, 498, 568.

1101000010. 800 1101000010
1101110000. 8001101100.

110010, 0000010482. ,

11000, 8000000 010, 21.

1100111οο. 800 midelton.

11001000, 11100010, 415.

1100100011, 801001, 0180101101, 841.
1101001. 8001101001.

110101. 800 111101.

110110000, malebam, 1010, 888.

.......... 81010100 00, 168.

.......... 801001 00, 102.

11010000. 8001101000

110100, 80011010.

11011000, John 00, 42, 43.

1101100, 01000001

1101000, Molem, 1010, 592, 841.
1101000, 801001, 648.

110100, John 00, 150, 214.
......,..,Τ1οοιο0 00, 204.

1101100 (010), priorem 01. 800 41110100, Nun.
1001100, John 00, 585, 589.

........., 1110100100, 468.

.......... 1110100000, 588, 585, 827, 628.
11οο01000 [00. 80110111 1010001, 645.
1100010000, John 00, 891, 496, 845.
.......... 011 ver, 01001, 507.

110011, william. 849.

110σο000000. 800110οω0000.
11001001ῂ11ἓ110011110001001,11001001, John,

.................... 01 wohl-y, 857 .
11000100. 8001100010001.

INDEX OF PERSONS.

11000οο01. 800 110001ςο1.

1100010001, 1100οο100, David, 442.

. John, 41.

......,.,, 01 8101100, 891.

.......... 80111, 428550.

.........,1701100, 582.

11000, John, 651.

.......... william 00, 188.

110000010[00. 1100001 1] (de 1110000110), 01101
01, 110, 121,125.

1100000οο1100. 8001100000110.

1100101ὲ71110, 01 8100001101, 1101100000100,

1100101010ιο. 800110010101000.
11οο1001010, 1100100001, Roget 00, 477.
......... &gilliam 00, 390, 429, 480, 408, 488,

1100101. 8001100101.

11001000, Drew 00, 458.

1100001000, 81010100, 572.

1100001100. 8001100100.

11000010. 8001100001.

110001οο, 1100001100, 80100100, 149, 208.
.................... 01 110001οο. 251.

1100100 [00. 800001], prior 01 , 70, 872.
1100100, 11001001100000, 185.

.......... 81000000, 171, 219, 276, 804.
.................... 01801000000011861.
.......... 1111001010.

1100000110, 11οο0000110, John 00, 18, 81, 48.
.................... 101. 488, 489, 555.
1100010102ῡὲ.

1100000100. 800110010100.

1100000000. 80011100οἀ00.

1101101000, Adam 00, 422, 110.

,11011000115190ὁ 1101100010, 1010 00, 486, 514.

110111ος100, 11011011οω [00. 8080111 0000100
01, 588, 865, 588, 880.

................... See 1100010100.
1000000, 00110114. ’
1100110100800111000019. ·
1101. 8001101.
110100001011010000010, 01011010, 457.
........., 1010, 574, 817, 618.
.......... 10000000, ht. 554, 555.
.......... 8010000, 457.

.......... 0100010440, 442.
.........,9101100,684.

.......... 770010 00, 402, 482, 101, 512, 564.
11010111, eila, 122.

......., Hugh, 120.
11101010101101001, 182, 240.
1110100100. 800 111010101εο.
11101011, 1110101, 1010, 619.
.................... 0118010001, 258.
.......... 81010100, 01 80111000, 79.
........., Potor, 587.

......, 1111110000θο

1110101000, Thomu, 104.

 

