776

8616661166666, 86111661163116111 (sic),
{Ighggss ,Lino.. 179246. 2612703113.

.......... 6116161161, 310.

861166 16 0161,866106,Πο111611.11166., 140,
172, 176. 170, 183, 226, 235, 266, 286.
306, 361.

.......... 6116166 of. 316, 317.

......... 16 61661, 11666611 16 6116 Move, 11166..
161, 182, 220. 212, 269, 299, 343, 368.

8611666666, 8611666611, 86116111, 430.

86111611,8611611611,1161666661, 118

1161111611 [16 066616 1116116161 8611611611, 8616-
116111ιί66.. 161. 188204.

Ηο6οοο66. 8668666666.

8666661611. 866 8661161611.

866163, 86116111. 487, 484. 663, 618, 619.

8661636661. 8661636616116116111, 446. 488,
6366191628.

......... &limga [in Honingham]‚ 1661116, Nor-
0 ‚ .

Honington‚ Euntington, 11166.. 127, 190, 192.
866666. See Hundon.
866. 866 Ηοο.
......... 18ὲ6. 6161161666, Sancta 11613116668661.

......... 86. 616116, 866616 Maria. Kent, 18.
......... 86.7161661ς11’6.11666,18.43.

116116 All 861666, 11666, 12.
8611166656[161766666161861111666. 86614,

8616111ΞΞῇ9Ξ11ὀ6. ,,132 136,160,178.189.198,

8616666616 866 0166611

86166. 8660166.

8611616. 866 86161616.

86111666,86166611,1.16ο., 131.181.243.
...ο661ο6 ο1, 313.

861661[168611161]8616661,11666., 88.90,

8611666616. 8616666616, Line„ 180, 263, 282.

.......... 666166 oi, 326.

Homo 61161 41616666 [16 81666611 11666. 8, 47. ’

8616661. 8661161661.
Homing. 1761161. 468.
8661611611186161616616. ,116.1666661· ο661ο11

8616161666, 66161616616616161611,
8611611, 416, 466, 640. 696, 836.

Ηο1616311ο16.866861616311ο16.
8616161666. 866 8611161666.
8666666666. 86666666666, 11666, 18, 46.
861161, 8611611, 469.

86111οὲ69.9 word, Nortolk, 419, 473. 647.

861611616[86. 86166’.6] 8611611476.

61661666180

.......... 666166 61326.
861666666666. 666 11616616668611.
86166666, 86116686. 8611611. 473.
86116611. 866861166611.

INDEX OF PLACES.

861666 [16 0661611661] 11666, 34.
......... Ι(1111619861666 11111661, 8611611,

2 .......... [111611161Κο66. 11,28.

861616ἕὲ [16 0161611111 86116166. Iane..

, 8666, 86661, 1161616661. ο66166 61, 116.

8666661. 866 8ο1666.
86666 6Contu-t [in 8668616661 811116. 8666,

86668616. 8666616166, 11666, 13.

86611616. 866616. 866 8666616.

866ο6. Lana. 866 8616666.

......... [16 2166666161 8611166611, 866666.
1666116169, 121.

8666166 866661 Petri. 866 8616666.

86616-66-6116-8111. Hugh, 11166.. 191.

8663111ἰ1ς1ἰἐ 8616661, 11166.. 136, 1311191. 197.

.......... 1116616111616 86111616, 1166126.
Houghton [16 0166666611 866666, 8661666.
Lino„ 182190. 209.

-16-66611616, 866666. 86116666. Nor·
1611, 404, 461, 616. 676.
.........-[οο-6116-8111]. 1161666661, 122.
.................... ο11111611ο1,112.
.................... 866666, 8611666, 8611611.
892, 446. 466. 490. 641, 667, 698. 838.
...7761677666661666 1166682.
8661611616. 866 8661111616
8661616. See 8611611616
8666ιί.ἶ 8668616ο6ς86666;866311666;
oveten.
8616666866666,866666686666116611.861-
talk. 488, 484.663, 19, 620.
..86 John. 866666 86666116666611,
’”’”,6611611464.
86111161] [16 0111116161 11166166. 11666. 48.
861161. 866 8661
86116, 8ο16611. 896. 479. bom. 688
......1161166666 n 166 16. 624.
....... 86111166 16616, 826.
..,......, [161116 61, 611.
8611611, 11611611.11166.. 128. 189194, 260.
Hom. 8618666.
8ο1166616[160666651]211861661.,8661661 Lim..

861161166866866166661666611616.
866166. 8668616116.

8616661. 866 86616661, 1116616.
86166 tom 16116.. 86.

8616666666, 1161661661. 61161611 61. 114.

.......... 061,116ο6 flammam 666..111;
176.,188228.242,268..318881
.................... 6611161161, 318.

8ω6γά11ὲ6έιὲἔ. Line„ 146. 187, 191. 201

8666666. 86666661. Iano„ 88.
8666666, 80666016. bimur. lw.
Hundloby, 6666611168.. 181.
.......... 666166 of, 323.

 

