INDEX OF PEBSONS.

601610028660 6016100, 601600, Peter, 1, 236,
.......... 11101ωο, 01.

60100600, 60100600, 00. 11010, 0111101 01, 121.

6011111. See 60001101.

601100, 10110, 674.

601001, 601001, 601001, 11011111, 136, 197.
......,..,110101,86,90,91.

.......... william, 92.

6010000. 8006010οο
60110001. 800 carbonel.
601100, 10110, 271, 307.
60100010, 11101000 60, 101.

’ 60111001, 01011000 60, 482, 534.
¹. .......... 0101101100111100.
i .......... John 60, 446, 481, 534.

, .......... Margery 60, 634.
¹ .......... Thomu de, 636.

Α 601101. See 61001.

6006101, 8101000οο 01, 151, 238, 290.
. ,,,,,,,,,, 1111110111 000 01, 155, 376.
Georgo, John, 623.
4 601016, 6011016, 10110, 497, 606.
, ....., 1110116, 86.
j ......,,000101
.......... Stephon, 8, 28.
1 earnm, 001111, narbon, Adam, 011.

Gnrtonssfiinhnrd, ο( Pau-rhomugh, mmmm, ἱ ··········· 11110110014911041433, 501·

11101000, 384.

omium (haym, Edmund ,1,1 21. 1601110110, 6011111110, 10100110, 10111111,

.......... 1101111160, 6. -

.......... 11011011 or 11011011 60, 21, 61.

.......... Roget 60, 21.

.......... Thomu 60, 21.

60001101, 60011110, 60011011, 6001101111, 601-
ff, 6001111, 8610006, 271, 307, 340,

.......... Elisabeth (10, 268.

.......... 11100016 60, 226, 268, 340.
6001101110, 1111110101, 582,

6010, 1101010110, 374.

.......... 11011011 0110, 504.
......,,11101000 662.

.......... william, 61.

6010111, 81011016 60, 97.
amnone, (1010060000, 10111160, 416, 639.
.......... 111οω10, 33, 37.
6010010060, 1101010110, 651. -
60101011, 10110 60, 48.

601100, 000100, 1161000660, 2, 36.
.......... Ηο10060, 39, 52, 63,
.......... 11011011 60, 34

601101, 61111011 (10, 175, 176, 196.
.......... 11010 60, 128, 196.
.......... 8101100060, 167, 223.
.......... william 60, 167, 223, 302.
60101, (101011, 2610006, 603, 666.
.......... 11011011, 564, 666.

.......... william, 631.

601010, 110011, 69.

601110, 1110110100, 29.

6066101, John de, 24.

60600010, 1101101, 369.

60611006, Roget, 664.

60110, 60111, 10110, 603.

.......... 11100016, 668, 687, 660, 654, 656.
601011, 111111001, 01 2011101111, 246.

601110, 1011600, Adam, 486, 564, 618. Ana
000 61111110.

601601016. 800 66601016.
601606ἒέ110, 611600001111, Potor 60, 23, 24,

1

1 .......... Simon, 673.

(10111016, 11611016, 463, 487, 603, 619,
656, 679, 017.

......, 10110, 466, 536, 592.

.................... 101, 628.

.........,11011011, 163, 241.

Roget, 636.

1 .......... Thomu, 413, 636.
Ι .......... 1711111101, 463, 467, 471, 472, 484.

487, 500, 602, 664, 619, 632, 641.
.................... 101. 432.
.................... 010111, 433.
6011110, william, 389.
60100600. 800 60100600.
60110010, 60110010, German, 60110010, 101-

100000, 10101 ,6010110 61111011, 01
canterburyffi

1001101, 476.

.......... 10110, 120, 412, 528.
.................... 101 698, 699.
.................... 011100010111001, 266.
.................... 00 01, 172, 226. ,
.......... Μο11011,699.

........, Simon, 120.

.......... william, 528, 649.
6010100100 800 601000100.
60100100, 110110 01, 443, 532.

601001, 60 61000110, Alexander, 604, 667.
........., 10110, 604, 667.

.......... Stephon, 434, 604.
...., william, 414, 469, 604.

Geraeston, 6010100100, Aliunde, 410, 626.
.......... 11001160, 390.

.......... 1110101660, 410, 626.

601001. See (101001.

601000, 6010000, 6010000, 601000, 10101100,
1101100 236 269 285

.......... 10110, 392, 472, 473, 560, 646.
.......... 1001000491, 663.

.......... william 60, 422.
.................... 000 01, 162, 229.
60100060. 8006010060.

, 6011016. 800 (101116.

 

