INDEX OF PERSONS.

5055011 [.«3.1055111],0515100, 00. j
110551,1505100,383. ·
11000513313110130511, [00.1101150153105], prior

110001, 30135, 93.

Dm, (10011503, 0135153103326.

.......... John, 569, 573.

.......... 1505100, 393. Ι

......., 3105013, 01 1935053505, 332. 1

.......... 305011, 589.

.......... 1901101, 400, 509. s

.......... 99111105, 249, 533, 589, 339.

1110050503. 300115550503Ι

11001135, 1105135500, Alexander, 342.

.......... 1110130001, 593.

3005301305, John, 01 31. J 0550, 950501, 34.

1100005, 31100, 01 1151550101050, 331.

1103, (1115011, 235, 304.

1103101. 8001101011.

1105055051, (1115001 30, 532.

.......... 1931105353.

110005, 1101050, Adam 10, 103.

.......... John, 595.

................... 005 01, 513.

11000550, Thomas, 73.

1111011055, 19.

11005. 80011050.

1101050. See 110005.

nnuman. See 1111101555.

11010501. See 3010.

Dalm& lord. See 91001, 30315013 aad
0100.

11010, Alexander 0110, 01 300105, 399.

.......... 150500011063.

................... 30, 393.

110100, william 30, 2.

1101550153, william, 135.

Domum, 3351553 30, 238, 290.

110110, 1105, 11055, 11005,11030550,1410530,23.

.......... 11050330, 451, 510.

.......... 100501, 22.

.......... 105530,21,22,33, 444.

.......... 13053 30, 401. 510.

30301, 01 3053053, 214.

.......... Thomu 30, 35, 33, 39, 52.

.......... william 30, 15.

John. 31, 66, 69, 70.

1105030, 110530, John. 61, 33, 39, 70.

30135, 141, 217.

.......... 3105501110, 415, 416, 594.

11053035 sn 3130350.

11055051,30501·130, 412, 527,533.

.......... william, 264.

1105500135,111100,44.

110115 80011050.

1105501, John, 585.

noum, John. 520.

110530. 3001105030.

11033010, 101500, 520. Ι

11035015, 3030130, 373882. l

Dorby, John. 0003050100, 339.

........., 301030, 36.

.......... william 30, 33.

110103. 3001110103.

noreham, 91001, 11015051, 0011011011, 05501
01, 132, 209, 400, 407, 433, 443, 449,
450, 451, 452, 562, 509, 526, 521, 523.
524, 544, 565, 571, 531, 583, 613, 614,

505513500505010100400500, 100.

¹ .......... 101500 30, 523.

.......... 19111155 30, 433.
1103353105, John, olerk, 643.

· ................... 30, 218.

11010010, 1911110530, 375.
110103535οα1, 3105013 30, 509.
.......... 30301· 30, 433.
1101101013, 1110501330, 29.
And 000 110111013.
1101353, 3105013, 263, 293.
.......... 3103505, 471.
11005503, william 30, 33.
11000503. See 1110503.
110030500, 1110305οο, 31050150 30 10, 375, 381.
1100305001, 111030500101, 11535 10, 21, 98, 99,
101, 153, 239, 292.
.................... 1151. 244
.......... 15510105, 152, 229.
11011353, 105530, 45.
.......... 9911110530, 45, 54.
1105100, 1105300, John, 32.
.......... 1910501110, 91.
1100010350111053, 232.
11000150, 110οο1050, 3011501015οπ, 395, 493.
110005, 00551000 01, 10530 5013 01, 2.
110031011500110, 305011, 337.
.......... 1911111151, 564.
1101101,191111015, 166.
11030, (1115011, 224.
1103500333, 30 5153051, 30 33500511, 3301150

.......... 11315553, 204, 338.

.......... 1055, 201.

........, 1013 01, 251.

.......... 30315013, 145.

.......... 1105011345, 333.

30301, 201.

.......... william, 200, 904.

11035103, 105530, 33.

111051535015, 305011 30, 399.

111015005, John, 01 30130153, 233.
111010551311110155135, 105100 30, 432, 560.
.......... 30301· 30, 500-502.

111330, 113330, John, 56, 57, 70, 71.
11133053, 3111501150, 0110 01 305011, 163.
1113055, 11150, 407 , 522.

Hem-y, 407, 592.

Dikelburgh. See 1110105513.

1111055559,6 1163160505, 1101105105, 1055, 542,
.......... 3105003, 447, 543.

 

