INDEX OF PLAOES.

V

vanno [15 0555115151 Fauno, 11551, 83.
9151551511, 9551155105. See 9115155.

W

19555555. SeeWeybourne.

1955155. 19515155. 19051511, 411, 412. 476.
527, 528, 586, 649.

.......... 19515155 Minor, 055155 51, 611.

19511ᾶοί Η511)8[15 1951115151, 1955555515.

enm.

Waddeton. See 1951155.

19511ᾶὶ53555, 1956155555, Waldyngham,
Line„ 188, 184, 215, 247, 248, 280,

Waddington, 190111551551155, 191,252,367.
Waddingworth, 1555.. 181, 215. 262. 841.
.......... 555555 01, 326.

Wadingham. scewaddingham.
Wadington. 855 Waddington.

19061555. See 1951105.

1951511551, 1951515515. 19555551, Lino„ 155,

178, 222, 245, 259, 294, 801, 848-859.

.......... 555551 5181. Thomas in, 820.

.......... 55555555 of. 820, 821.

1951155. 1951551155.. 148, 164, 188, 220284,
261, 284, 299, 855.

.......... 55555551, 316.

19515155. See 1955155.

19515555. See 91515555.

9151501, 19515015, Line„ 129, 189, 195.

.......... 19515515, 11051011. 484. 469, 484, 504,
567. 619, 620.

99515015, 19511515. Lino, 148 147.184,218,

286, 288, 871.
Ἦ51551ἷὲἆ521ἒὲ11555551 19515515, Line„ 150,

195155515. See 1951155115.

wald [15 5151551551 (155111, 11551, 79.

195155. 85519518 855105.

195165555555, Waldynsham, 19510555551555,
99515555555, Κ551, 9, 24, 71,

9951855515115 [15 0115155151, 1951851505, 1951-
6551505, 11551, 5. 46.

99Δά5555555. sce 1951115555555.

Wnldyngham. scewaddingham.

Wnldyuhnre. 855995155555515.

995155551555, 184, 138. 182, 214, 242, 267,
269, 276, 279, 357.

.......... 5555555811.

19515105 in 1511515. See 1951155 15 11515.
195]155115,195155515,1155., 185, 248.

1 19511515. 85519515515.

, Wullinffin, Walyngton‚ 19551511, 451, 507,

[ 99510155, 11551, 22.
Walmesgare. See Walmsgate.
Ι 19555551555 [in Winghm], Wyelmeuton,
[mmm
ξ 9151155ἓ5ξ1ἶ,31ζὲ151555555, Idne.. 180, 288, 255,
1 .......... 5545555101, 827.
fflmwfflmwwmo
, 520, 580, 581. 618.
19515555115515, 1951511515, 1951551115, Nor·
1511, 467, 488, 484, 558, 619.
ι ......... 6[AsiouthL 19551511, 486, 471, 519.
4 195151535551.(155515511151115, 19551511. 420,
421, 453, 548, 600, 1151.
1951501ἑ185ὀ 1ἔὶιέ150155, 1551011, 496, 449, 520,
195155χ1ἐξ111111,ιι 1951555115511. 855 195155
11 5.
1ἛἫἛῇωωω5
[ ......... 11[1(Ξ51901115], 151555155. 555551 ot,
jmfflmmss
¹ .......... 1151555155, 91, 108, 125.

N .................... 555555 01, 118.

......... 2995 Ξῗ51555111155, 162. 166190,
5ωω5555
582, 583, 614,

1511515,1951515515 15 11515, 1951155,
Lana„ 84, 85.
......... [05155 Woldn]‚ 1151555155, 121.
.......... 19551, 19555519551551105, 9051511,
406, 449, 520, 523, 580, 613.
19515555555. 8559951115555555. ’
1951105155. 85519511155105.
Wanlip, Onlep‚ Onolep, 1551555155, 120.
.......... chambot, 115.
1955115151 [1511555515].19551555551, Iano..

J 19551155, 1955115115, 11551, 14.
1 9955555555,195555055511551, 12.
[ 1955355115. ,95519555551515
, 1955551ἑ13.75’ἓέ[011. 405, 421, 453, 517, 048,
Ι 1955555155, 1955155155, Iano„ 81, 94.
1955155551. 855195555151.
1955155, Iuno.. 90.
. ........ [55151555],555.55,51,55
Lino. 855 19155105.
Wushingborough, 9955515 burgh, 19555518-
boug,1.in0.‚1 , 08.
1951551155, 11051511, 405, 460, 518, 578.
Watoringbury, woteringobury, Kent, 16, 48.
2 9151551Γέ [ffmffl’ 9951155155, Line.. “
1 5, ο

 

