INDEX OF PERSONS.

1101770101. See 10171011.
1101707110, John 60, 521.

1101710711. 677 1101701076.

11017107. 6771017107.

Longo mh Igagwhmp, 6701016117 60,
......... 415111 10, 110, 711, 177, 100, 107,

.......... 10150160, 135, 197.

.......... 105160, 182, 269.

.......... 075071, 51.

.......... 7507111060, 266.

10170001, william, 426, 492.

1101171011. 677 10170010.

1017117, 11105176 60, 93.

Lamum, 6100101010, 173.

1100771110 [11 171105107510111 00. 11071011,
prior 01, 466. .

1000, &atrion 60, 461, 465.

1101165721Ξ1ἰ 11165111, 10605071, 1611160, 161,

.......... John 0, 101, 171, 000, 770, 707.
17771034127017372772101. 77, 110, 111, 171,

........., 1107177, 194, 266.

1011116700. 6771101601.

Loung. hung, 111011 10, 423, 556.

.......... 1105075 10, 556.

1107115 11171 <de 111770 Lude), 00. 111110, 151101
01, 133, 141,142,143. 147, 146, 149,
151, 156, 161,164,166, 167, 169,171,
173, 217, 218, 226, 222, 223225, 221,
231, 234, 236, 237, 238, 239, 256, 257,
2²17& 335², 266, 275, 263, 286, 287, 288,

110701, 1107011, memor, 11167 01, 125

.......... 10511, 166, 375, 381, 399, 466, 469,
416, 411, 436, 439, 446, 451. 568, 526,
525, 526, 576, 581, 584, 613, 646.

......... ,d..3......, 511116 dau. 01. 677 2011050,

010.

.......... 7507111 01 1616610001, 374.

.......... 1101715, 198.

,.,,....., Thomu, 452, 576, 581, 636.

.......... 1711111111, 375, 381, 452, 526, 526.

.................... 0171660711110107, hut, 93.

107010710707107, 167501, 159, 218, 297.

.......... 1111110006, 569.

11070110 7710 ·. 677 10110110.

110707611017076, 105110, 419, 439, 526.

11070771, 1070771, Thomu, 01 st. Putor'u.
8711167105, 64, 76.

110701, Philip, 137.

11070101, John, 7.

10770, 11077, 1105776, 564, 565.
1077016. 6771107016.

1107, John, 56.

Luna, 76011116, 575, 656.
.......... John, 513.

.......... 11016, 77110 01 John. 165.

1 17177, 60011177, 35.

¹ .......... Ηο111760, 523.

,ν .......... Γ15011177 de, 239, 246, 241.
11166010101116011770, 11060117701105071, 565.
.......... 75011100 de, 146, 235.

; 1066711101, 1106717001, 1067071011, Germ-d,

.......... John de, 196.
.......... 1711110711, 259, 274.
1 10777711, 1171171, 010.
1 1116011770. 677106671077.
10651170. 677 1100650111.
1716717101. 6771066711011.
10111107, 17116011, 01207010501111, 347.
.......... william, 1116257, 294.
, 1171116,105110110.415.
1110117715οψ. 677110116015070.
Lung. 677 11011177.
111111010511, 21.
17110771, 1111107011, Andre«, 153, 265, 244.
.......... 6006707, 153, 265, 247.
........., 6117, 265.
....,.....11177100,256.
.......... John, 153, 265.
1111107105, John, 3.
1101177011. 6771010701
11750116, 10011, 45, 56.
.......... 1711111111, 42, 45, 56.
11767007, 6771171160007.
1176077110, Β7110610160, 96.
.......,.,1051160,96.
.......... william 60, 96.
177610, John 60, 21, 29.
1170750, 117ος0, Anna wife 01 1711111111 de, 26.
.......... 1101177 de, 44.
.......... 1711111111 60, 26.
117671, clement, 383.
11775 6771100.
1177511001, 1711111111, 597.
1716051ἓ1ὲ6ῗ21ὲο1Η7160, John, 439, 516, 532,

.........,1105071,551.

Lyle. 67711710.

1711111777, 1171157177. John 60, 269.

..,......, Philip 60, 196.

1171100111. 677 11110011.

271160, John, 56.

.................... 01 6011075077, 58.

1771160007, 5760007, 5711600007 1051, 01
877057, 345.

.......... Philip de, 169, 171, 214, 223.
.......... 7501111060, 143, 156.
17706071, 11105176 60, 146.

Lyae, John, 578.

11711076, John, 553, 565, 572.

117117, 110077. 641.

.......... 1011100, 586, 594.

1171171176, william, 01 1177111011, 366.
1171711007, 1105071, 562.

1171717060, 1711117711 60, 479.

 

