676

01011111, 7101111161.

........., Walter 61, 414, 466, 667.

.......... 7711111111 61, 667, 616, 642.

........., ........., 1111. 664.

0101111111. 611011111111

0111111, Thomas, 676.

01111, Hugh, 420.

0176110111, 0171110111017611110111, 1111117, 01
1771111101666.

.......... Margaret. 1111 11111 01 771111111,01
Romane, 78.

.......... 1110111116, 67, 74.

........., Roget, 01 Ε11111, 72, 76.

0171011, Roget 61, 446.

01711011 611 01111111.

0171131111, 01711101. 6110111101.

0177111117. 6110601117.

0171110111. 6110176110111.

017111, 0110111111 61, 41.

001116,1111111, 686.

01111, Adam, 619, 644.

.......... Alexander, 619, 644.

.......... 01011117682.

........., John. 167, 262, 296, 566.

.......... william, 409, 619, 644.

.................... 01 6111111111, 467.

0011111111. 6110011111.

00111110116, 10111161, 666.

00111671. 61100111611.

01111111ὼοἶ1ἰ11111111ᾝ11117 61,1, 14, 17, 22,

............ ’ 1.......1117111111,11,11,41.

.......... 1111111161, 66.

.......... 1011111. 1, 22, 61.

......., 1111. 41, 42, 49.
111ςί166166.

........, ........., 61, 1111. 66, 40, 46, 61.

.......... 1171111011, 41, 42.

00111611, 01111671, 0017167011, 00711677,
0071111611, 0071111671, 01 116711, John
gllaesslllffl 662, 619, 26, 660, 646,

.................... 0161111111011, 646.

.................... 01 1111717111, 641, 346.

.......... 1101111 61, 161, 229.

.......... 11171161, 164, 261, 264. 241, 242,
269, 266, 264, 291, 294, 646.

......... ,587ἕ1111111 61, 269, 269, 266, 264, 294,

.................... 11111 1111111, 294.

.......... -do. 614.

00111111, Thomas, 11 110111, 69.

0011111116, 011111111611111111, 11101 11,
62, 66, 66, 91.

000111. 61100011.

00661, John, 11 111111111111, 666.

00661101116. 61100161101111.

0166711ἕ1918111,00611111011,1111161, 608, 646.

00111. 61100111.
00111116. 6100111116.

. INDEX OF PERSONb.

7 0171111111,οο111111, Ookenhalo, John de,
4214116, 1110.

001, 0011. 61100011.

00111116, 0111111116, 00711116, 001111116,
01111761, 400, 611.

John 61, 691, 401.406,406,426, 426,
427, 469, 461, 462, 460, 466, 489, 492,
496, 606, 511, 616, 619, 666, 669, 676,
676664.

.................... 1111. 489.

......,.., 1101111, 1111. 662, 663.

.......... Τ1101111161,486.

00111111, Adam, 462.

0011111116. 61100011111116.

0111111016. 611 0011111016 11116 0011016.
0011111111. 6110073111111.
001111112ιᾷ700111117, 0011111111, 1111711111. 269,

.......... 1101111, 01 4111110111, 266.

00111116, william 61, 214.

00111111, J 01111, 666.

00111711, J olm. 66.

001111116. 61100111116.

001111016, 0011111016, 1111110111 61, 42.

.......... 6111011111, 42.

0011061, 11111761, 696.

0011111111. 6110011101.

001116,701111,126.

.......... 1101111, 125.

001111, 1101111, 661.

00111116. 611001111116.

01117, 001117, 1111117 61, 463.

.......... 10111111, 466, 467, 487, 666, 687.

.................... 01 1107111117, 261.

.......... 1111111129.

001611111ἓὲ06δὲἓο1116,00161101114111111611
1, , .

0016111, 1111111111 61, 612, 674.

0011, 1101110111, 01 01111117, 196, 208.

........., 111711116462.

.......... 1111111116 61, 216.

.......... 1101111, 166, 282.

.......... 7711111111,662.

0011111116, 01111016, John, 29.

.......... 11111116, 01 0111111117, 66.

001117. 61100117.

00111111. 6110011111.

0011711011, 0017117111, 0111711711, John, 11
6111171111. 660.

l .......... Thomu, 40.
.......... walter, 47.

.......... william, 11111. 66.

0011111116, Thomu 61, 444.

00111, John, 01 4711101711, 666.

.......... 1111110111, 604.

colevile, colevill, 0111711, 00117111, 001111711,
0011171, 01011117 61, 449.

.......... John 61, 119,158‚ 204, 206, 221,
620, 670, 616.

......,.., 1111. 76, 560, 621.

.......... naua 61, 144.

 

