072

memma, william 00, 197.

8111000010. 800 8001000001. ,

80111011, 80101011, 80501100, 7, 33.

......... , Thomas 00, 45.

.......... wimundo, 33.

801001, 80100011, 8011111 00, 146, 235.

.......... 80001100, 146, 265, 285.

8010, 8011, John. 517, 518, 577.

.......... Roget 10, 524.

.......... 7711110111, 400.

8011101100, 8011011οο, 00. Line.. prior 01,
130, 133, 138, 139147, 148, 151, 158,
165, 170, 171, 173, 215, 222220, 227,
232, 236-238, 272 275, 277, 280, 287,
290, 295, 301, 302, 304, 305, 307, 314,
321, 327, 331, 350.

801101, 7711111101, 103.

8001010101, 8008011015101.

8011001, 81011010 00, 407, m 582.

.......... Theophanis de, 407.

80110010, 8011011 00, 137.

8011. see 8010.

8001101000, Thomu, 589. 800 8001001000.

800101, 1000 00, 432, 501.

.......... Stephon 00, 432.

80000, 1000, 587.

80100001, Thomu, 300.

801001, 801011, 801001, 1110100001, 119.

.......... Hugh, 103.

.........,1οο0, 119. 170, 224, 270, 304.

.......... 1110001011, 170, m, 270, 304.

.......... 800011, 100, 101.

.......... william, 100, 101, 170.

8010000, 80100100, 011101 00, 512, 574

8010110, 1100010100, 458.

801000, 8010000, Thomu, 140, 210.

.......... william 00, m.

8111011. 800 801001.

80100010, 8010011110, 80101, 80100110,1000
00,446,447,542,590.

.......... william, 419.

80100, 7711800100, 48,

8010000010, John 00, 440.

Burgum, 00111 of, 369.

Bargate, 11100001, 000.
’ ““ . 1’ ,Β 1 ,

Effigggffffssfflffssffl? 111,

:33:11213: 31111.. ..., 414, 10, 0, 10,
460, 537, 600.

8011010, 80011, 543.
.......... John, 0111011οο, 105.

.......... Thomu, 409, 524.
.................... 01 7100011011, 437.

nfflffiffiffifflffimQffl

.......... John, 1, 41.
........., Philip, 131.

.......... 1100011505.

INDEX OF 88880118.

80110-0001. .

811000, 132. m, 196, 504.

.................... 0180140101, 204.

.......... whom, 503.

.........,7701101,130,190.

......,771111001,84,492.

.................... of 1111001100, 91.

8011001000, 81111ο 00, 8011000100, Bu·-
1001001011 ,45, 192, mmm.

.......... 80001100, 42.

8011011111. 800 8011011.

80110100. 800 80110100.

80110, 00. 800 80110 and 8010150100ςο.

8011011000, 8011011000 800 80110100.

Burgus, John, 01 1111100254.

80111100. 800Βο110100.

80100110. 800 8111001110.

811110, 801100100101100, 393, 507.

.......... negor, 157.

8010, John. 530.

.................... 01801100, 2091

80100. See 800100.

80100111, 1110001110, 124.

80101166ξο00, 801011, Avelim 00, 505,

.......... fflwm
.......... wmmfflmmmm

801001, 80011, 01 4110001010, 363.
80100001, 81000010, 801100 00, 409, 438.
.......... John 00, 628.

.......... 111000 00, 409.

.......... Thomu 00, 140, 216, 256.

8011011, 8011111011, 801110 00, 411, 527, 585
.......... 80001100, 527.

801100, 1000 00, 234, 252.

.......... 80001100, 158.

.......... 77111100, 371. 280.

.................... 01 8011001000, co. 110110, 844.
80110011ιὸ11οο 71001, 00. 81080101 00110101,

80111000, 8100010 00, 483, 540, 543.

.......... william 00, 468.

8011, Adam 00, 57.

.......... 11001100, 81.

.......... 801ρο 00, 241.

8011 81. 80010001 (de 800010 80010000) [00.
{³5⁰st 0171421312 21 117
455, 463, 464, 405, 478, 495, 490, 499,
002, 503. 030, 531, 535, 543, 551, 500,
587, 597, 623, 024, 025, ⁶28, 631, 643,
544, 045, 648, 649.

.......... 0000111011οἰ0 01, 477.

800000. 800 Bouh-

80001. 80081111.

 

