664

8ω108ἓόὴ1ἓοἒ1ο101ῡ1ἕί80011010, 1101011011 (sic),

.......... 2010100, 647.

.......... ’8011011 00, 422, 428, 551. 602.
8001100, 00 8011100, Potor. 422, 404.
........., 81011001, 480, 514.

.......... nobem 422.

......,.., Roget, 486, 514.

.......... Thomu, 486

800110. See 80011.

8001, Roget 0110, 01 Lyng, 418.
800010οι0, walter 00, 874, 380.
800011, Bedyl, John, 59.
................... 10, 01 1110Ῑο00110, 32·
800101·ιέῃῖοἐοιιὲ 0010 01, 92, 297, 858. 561,

80001, 1110100000, 375.

80011. 800 800011.

8001001010, Thomu 00. 101. 615.

8001031100, 801011, 684, 685.

.......... 111111100595.

800, John, 598.

Book 800801.

80011. 800 8010.

8000100, 800100, 800100, 8100100, 00. 11011011,
prior 01, 486, 487, 464, 471, 514, 519,
579, 580, 615.

8080110000. 800 8011100.

QfflssoBssffihffilss' Thomu 00, 897, 484,

801, 80008001, 8010, 4000059.

.......... 1101110ογ 00, 45, 98.

.......... 80010100, 225.

......, Hom, 148, 175.

........., 100100, 457.

......,.., John, 188187. 146, 147, 148185,
ἐξ, 25238, 285, 286, 871, 440, 441, 457,

, .

.................... 0180111011, 252.
..., 8010068.
.................... 01 Pathum, 59.
.......... 81011000 00, 415.

.......... Robore 0110, 018011010100, 224. ,

.......... Simon 0110, 225.

.......... Thomas 00, 468.
8010011000, Hem-y 00, 85.

8010. 800 801.

8010010, 1000 00, 48.

8010010011, 0011000451, 510, 571.
.......... 80Μο 00, 588.

.......... 11111100, 571.

80101000, John 00, 620.

80110110. 800 800110110.

80111100. See 8001100.

mmm, John, 0111100110, 868.
801000, 81011010 00, 205.

8010, 80011, 80017, 01 walthan, 854.
.......... John, 0111001101 1101101011, 822.
.......... 8011011, 100.

.......... 1111111100, 01 Wragby, 860.

INDEX OF PERSONS.

801010, 111100, 118.
1 .......,100100,118.
¹ .......... John. 118.
Beleuby. 800 81110051.
80101, 87101, 801011, 103100, 452.

.......... 11010017, 898.

.......... 11100001, 170, 218.
Ι .......... 8011011, 451.
1 .......... william, 898, 400, 428, 4112, 509,
, 558, 571.
1 .................... 111007.
8011100, 801100, 80111010, Flora 00, 81.
.......... 81010110 00, 119, 450, 455, 474, 480,
488, 494, 521, 524, 582, 541. ·
.......... Thomu 00, 891, 405, 425, 427, 448,
440, 488, 521, 582, 541, 590.
Belinburh. SeeBilyngborw.
8011, 80110, Philip, 0180001011, 202, 208.
......... ,3111910000 01 8001001011, 1100110οᾱ1000,

.......... 8010011, 01 8010111000, 361.
......,8110000,01 1111011001111269.
.......... 17111100, 250,
80110 Aqua, John de. 84.
801101, Roget, 204.
80111010, de. 8008011101
80110, 00. 800 801110.
8011000000, 00. See 8000011000.
801100ορ110, 00. 800 8000011101.
801101100000. 800 8001110.
8011011000, Ι1110010000, 189, 198.
.......... 1711110000, 198.
801101100000. 8008000800.
80110Μο010,00. 800 80000001.
801100. 8008011100.
8011103, 17111100, 85.
ι 80100011110000579.
801000, 1011059.
1 801100, John, 252.
1 .................... 01 (1001111000, 868.
8011101010, John, 0180101010, 269.
8010011, 801011 (de Belvero‚ 80101000), eo,
8010,, prior 01, 110, 111, 115,116, 166,
167, 210, 211. ·
ἧ Belynghnm, John, 01 1111111061.
801ιο1010, 800000, 614
8000000, Thomu, 01 1000000, 0110110101, 85.
80000101, 0000101101, 188.
1 meld, 001000,391,090,410, 100, 100,
4508, 509, 682.

1

1 80001000, 00011011 00, 550, 646.

1 .......... 8011011 00, 422, 550, 602.

80001, 800001, 8000111, John, 99.

· .................... 01 8011100100, 854.

’ .......... muham.

1 nomm

, .......... 8110000500, 502.

1 .......... william, 222. 507.

¹ .................... 0100100000.

8000100010000, 8001100001οο (uic). &a
81100000

 

