Μ

8000100οτ, 19110001,οἰ 11010001, 301.

8001110101, 1111110007.

8000101111, 11100001, 01Βο10001, 75.
8000100111, Thomas 00, 394.

8000100. 8008001100.

8000000000, John, 01 8001100000, 250.
8000110100, 1100001, 270.

800010010110. 80080010010110.
8000110100. See 00001100.
8000110110. 8008101101.
8000100οω0. 8080000οο0100.
8000101110. 8080000100
800011031001000, 003.

800010, 0000, 01 11111001, 430.
80000010. 8008001010.

80001100. 8008001100.

8000011010. See 80011010.

8000101110, 8000111000, 11011011, 01001, 580.
.......... 1111100000.

8001000000. See 8011100000.
8001110041ἒέ01, 8010000010, 11001ρο00100, 488,

.......... 1101111100, 391, 425, 489, 002.

8001111100. SeeShipedeno.

Sohimdo, 1001110000, 494, 490.

8000100000. See 0010001101.

80000. 80081011.

8000001, william, 002.

80000ρο010. 8008000ρο010.

80011010, 1100001, 557.

Schymplingg. Seeshymplyng.

Sohyrynton‚ Walter, 74, 79.

8011011110, william, 490.

800001οο0, 11001100, 49, 50.

8000101100, 401000010030.

.......... 3100111000, 00.

8001. See 80011.

80010001, 0111110110, 220, 202, 000.

.......... 1000 00, W, 202, 000.

........., Peter, 172, 220.

.......... ῐ10001011, 112.

.......... william, 172, 170.

800101, 810100, John, 250.

.......... 11010100, 107223.

800111. See 80011.

80010010, John, 204.

80011. 800110, 8001, 80010, 8101, 11001100, 01
weston, 413.

......,1000, 120, 270, 279.

.................... 0101010100, 270.

.......... 1100011412.

......,110101,528.

.......... william, 01 8100011000, 59, 60, 74,

8000101. 8008011100.

80000101, 81000101, 11001 011490.

.......... 11010000, 258, 272, 310, 430.

.......... william 00, 172, 225.

8011101111, 00. Lino. 1110101240.

INDEX OF PERSONS

8010011,2 11910001001), 10 8000110, 800011, fleury,

................... 1000 01, 0110010010, 055.
.......... John, 01 81011103, 258.

.......... Roger, 105, 250.

.......... 8101100010, 105.

8011100, william, 01001110, 270.
80111100, 0000, 029.

8011000, smum, 1101ρο, 130.

.......... 1100011, 130, 157, 231, 294.
.......... 1101100110, 150.

80οο01000, 8001000, 8011111000, 80110100,
Georgo 00, 555, 588, 048.

1 .......... John 00, 500, 531, 048.

.......... 1110001110, 022.

1 ......., 1000111000, 592, 040.

.......... william 00, 409, 410. 437, 439, 524,
525 584.

1οΜηωωω.
1 8000, 800,1110000000, 143.

.......... 11011011 001, 01 110010, 052.
8011001, John, 513.

segg-ford. 800 800001010.
80100100100, Pauline 00, 7.

ἰ 8081011ἆο 801ἓὲ010, sagrata, 80130010, 0110011

1 .......... mmmmm.
iffifflmmfflfflfflfflmffim

432, 490, 497, 498, 499, 500, 503, 521.
530, 532, 533, 541, 502, 503, 504, 500.

.................... 100 younger, 11, 14, 15.

.......... 1110001111, 97, 100, 200, 295.

.......... Simon 00, 157 , 232.

801010, 1111110000, 49.

80110000. See 800001010.

80101, 5000, 031.

80101, 8011001 [00. 10011, 00001 01, 100, 151,
238, 290, 071.

801011, 14100 00, 132, 240.

.......... John 00, 240.

80101, Roget 10, 442. See 00100.

801010, John 010, 43.

801101100, 101010, 21.

80111011, 1000 00, 32.

.......... John 00, 32.

.......... 1110001οι 00, 30.

8010110,Το01000, 383.

801100, 11001100, 4.

Salvom william 110, 5.

8011010, 8010010. See 80110110

800100, 1110001011 501.

.......... 811000, 383

80010001, 80011001, 399.

8001000, John 00, 393, 495, 000.

.......... Jordan 00, 094. L
“ 01801 0010, 00. ine. 'or

801111’111111111111, 1000101110
mmmmmmffim
205, 212, 210, 240.

mbr. 332 sm filma de·

8011000011, william 000 01 , 397.

 

