Μ

3000000030, 000110 30, 32.

.......... 100030, 32.

fimum, 1300000, 125.

3000003000, william 30, 474.

11001. 3000001.
11γο101,11γο1011,11000000, 139, 193.
.......... 1300000, 301. 01 001ος300000, 73.
11003030. 300 111030 003 11103030.
1100300000, 1030, 313, 314, 351, 352.
70030303. 300 1110301003. ·
30030100. 300 1110301010.

11003300. 300111033οι0.

1100100. 3001110101οο
Kyuyngfilg'nomu, 01 003000] 003 nomm.

1101030000, 1300000, 539.

L

10003003, 17111100, 538.

100030, Simon, 255.

hey, 011100 30. 00001000 01 1300010, 193, 137,
203, 223, 240, 253, 271, 273, 277, 273,
303, 375, 331.

.......... 11 30, 0001 01 1100010, 81, 333,
132, 1 , 135, 133,137,159,172, 175,
173, 193, 197, 203, 223, 240, 337, 339,
370, 371, 443, 540, 543, 591.

.......... 1030, 595.

.......... 7100100030, 417, 540.

103, 1030, 43.

.......... 1300000, 39.

1030003013110113000, 535, 503.

100030, 1030, 270, 277.

10003003, 3103003, 01 1001300, 330. -

10003000130000, 53.

1000300, 1030, 530, 594.

hum-tor, 0001 01, 10030 3013 01. 17, 81. 32,
00934, 35, 373, 374, 433, 434, 543,

.......... mmmmmm
........., Honry, 3030 01, 33, eme, 90, 2423,

mmmmmmmffium

.......... 1030, 3030 01, 319.

.......... 1300000, 0001 01, 9.

1010000100, 1100300100, Hugh 30, 01003, 343.

........, 1030, 530. 533, 329, 343,

.......... william 30, 83, 34, w.

10030. Su 100030.

hm, Alioo, 010001003000, 58.

.......... 771111οι0, 0100010030ογ, 53, 70.

.......... william 0110, 570. ,

hfissdsslfi, ΡΜ 01 wblthmu 85⁶! ³⁶2·
77001, 0, 00. 11001, 03301

hmo& 24, 25, Ι3018311072.

10000300,1300000,010001003000,77.

INDEX OF PERSONS

' 1100001003, 10001003, 1030 30, 31.

.......... 31030100 30, 39.

.......... 30103 30, 0117013000100, 301. 93.

[magalo. 300 1100ςο100 (sic) 003 1000100.

10000100. 3001000100.

3000000030, 1030 30, 42.

1000000101. 300 10001011.

30000100. 3001000100.

10000101. 30010001011.

10003000, 303001, 104.

100010. See 1000100, 111003.

langley, 10000100, 00. 1010. 00100000 01, 117.

wax-,1121 111111· 111 111 111·
ffimfflmmmmffl
531, 323, 324, 330, 331, 045.

1000100, 1000010, Langeley,1ongley, Edmund,
010001003000, 58.

.......... 3103003 30, 91.

.................... 1000 0110 01, 91.

......,.., 303001 30, 01 1100013000, 93.

.......... Thomu, 310300 01 11003000, 553, 572.

.......... 1111110030, 24.

.......... william, 01 3301310003, 71, 72.

1000100, 1110001000010100. 30011003], stim
000003000 01, 71.

.......... 00100 and convent 01 , 33.

10000100, 1000000100, 1030 30, 238, 232, 357,

10001011, 100ςο101, 100ος1011, 11300003, 354,

.......... John 30, 477.

......,..40181030100 30, 423, 427, 423, 431, 494,

....., 303001 30, 413, 415, 423, 493, 003.
.......... 3100300, 493, 498, 5335113343.

0111001010 „ 0²

.................... Agnou 00110 01, 94.
.........,100000 30, 000000 01 171000, 94.
........ ., 103030, 81, 34, 124, 133, 152, 130,
219, 223, 231, 233, 207, 275, 290, 298.

.................... 01 30330100, 333.
.................... 01 10000100, 341, 347.
, 1030, 01 3000000100, 352.
.., 1101300100, 341.

11010330,ο11100100, 301. 94.
.................... 111100 00110 01, 94.
., 303001 30, 459.
........., ......,.., 301. 85, 91.
.................... 0111003000224.
.................... 01 300130, 203.
.......... 130000, 01 1000100, 341.
.......... 17111100, 104124, 153
........, ......., 01771000, 94.

Iam-ton. 300 10000100.

10030030. 300 1100000100.

100013000. See 10013000.
10000, 100000. 515, 517.

.......... Simon, 580, 594.

10030, 1030, 833.
10030100, Gugo 30, 33.

 

