INDEX OF PERSONS.

1000001, 111100 60, 82.

10001006, 100010061031001660, 611.
.......... 6100006 60, 402.

........ ‚william 60, 611, 676.

1000000010 0, 0000001000οο01οο [00110111
gfflrgmm 17017120

1000300, 100000, 6160016003, 269.

10000ωῶ 100000100, 1000 60690, 425, 480,

.......... 6000160690, 426.
.......... 1111110060, 146, 201, 667, 690426.
1000100, william 60, 617, 619
1000011,64100001,1000010,10001, 1160006,

........ ,100060, 476.

.................... 00001010, 606.

.......... 60000 60, 696, 606, 626.

.......... 17111100 60, 561, 580.
10000010000030, 10000, 1600006000 60, 64.
.......... william 60, 01 00000100, 192, 208.
10000000, 100000 60 666.
1000010010000100.600100001ογ

Ι 10000000101000000010,1000000010,

1000000010, 1100010060, 400, 600, 671.
.......... 11011000 60 467, 620.
10000100. 6001000100.
11000000, 6000060, 467, 466.
.......... Walter 60 696.

1101011 ὖο11ὲο0101, 162111ἶο10917, ,100011, 10001011,

.......... Jssord’, 01110000, 76.
........, hyn, 166, 197, 446.

.................... 101. 615.

110οο0000, 1000, 661.

.......... 60300 60, 676, 681.

1100000110, 1000000110, (1110001 60, 409, 467.
.......... 100060, 624, 526.

11660, 106, Adam 60. 167 , 240.

......... 100060, 669, 496Ἰ 654.

.......... 60300 60, 167.

1116001030, 110000 60, 69.

10060 01, 89. ,

111100, 1000, 690, 691.

111100, 11100006 60. 666.

.......... John 60, 165, 206.

.......... 600001 60, 155.

1101000 [00.11100000010], 00001 01, 437, 471,

00.ωο0. 9’0000000οι.

000001, 0000, 00000.. mmmm, Adam,

0160100010 000, 666.
1..000, 264, 257, 277.
.......... william, 01 600100010000, 001. 646,
646662, 666, 366.
.................... 01 6010100, 644, 664, 662
‚.knt 256, 264, 267, 270,
Μ271, 277, 281, 296, 295, 607, 609.

mmm mmm 00000 John

............. Μ’ .......knt.³44
.6030...0,60 170, 224.

769

1100001100, ..1000031000 1001001000, Alm 60,

.......... 4060000 60, 149, 267.

.......... 1100ογ 60, 166.

.. ....... 100060, 224, 604.

11101000, 1000, 679.
20711110100701οἑ2104100, 101100, 10110100, 1000000.

11111100 60, 224, 270, 604.

110110, 100110, Hugh, 476.

.......... John 10, 446, 646, 669.

100001, 100001, 10ωο01, 100000, 176, 227.
.......... Walter, 176, 227.

......... ὲξέὶΙΗιιω, 166, 168, 160, 219, 261,

10600000. 60010600000.
106003100, 000001 60, 666.
101100,ἓο1100, 1000 60, 416, 426, 492, 645,

........., 600001 60, 418.

.......... 60300 60, 406, 409, 468, 462, 460,
616, 525, 576, 584.

.......... 6100000 60, 664.

103060, 100006, John, 266.

.......... 600001, 01 11001000, 242.

101003100, 60100 60, 1.

10100100100000, 668.

10110, Simon, 592.

1011003ζξο0, 01 6000061100,1100’0 0000000,

10110000, 1000 60, 476.

.......... 600001 60, 419, 646.

1010, william, 406.

100000010010001000. 600100000οο.
100001630, 00. Kone, prior 01, 16, 46, 46.
1000[0].1000], 10000100ογ, 1000 60, 469.
lady, 01 60000, 467.

.......... 0006 60, 466, 466, 469.

.......... 6100006, 666.

.......... ὗ000001 60, 691, 692, 446, 446, 541,

1000101, 10001011, John, 269, 261, 262, 284.
................... 01 6000000, 664, 966.
.......... 100000, 0100000030, 646.
10000100. 6010000100.

Puppe, 600001, 606.

100011, 10000110, 100000, 568, 660, 666, 687.
1001000, 00. Lino. prior of, 61],

10010νί10. 600100100110.

10100011, 10101. 6001010111.

10100000, 0110001 60, 44.

.......... 100060, 44.

.......... 11100006 60, 44.
1010111ὴξο1021ὲιὲ01,10101,101011,10110, lady 01,

..... 60000160,226,266,606.
.......... 1000000, 94.

101010, Aha, 662.
10110,6100006,607.
101101000101101000, Adam 60, 82, 91.
101011. 6001010111.

 

