722

Phys, 7155, 71515, 7155, 71555, (11155 55, 403,
416, 426, 427, 428, 436, 494, 515, 576.

.......... 15515551, 445, 468, 595, 613, 627.

fleury, 153. -

.......... 5555 55, 427, 436, 514.

John, 230.

.......... lady 51, 459, 460.

.......... 1555 51, 581, 591.

.......... Philippa 55, 427, 459, 493, 559.

.......... 11155555 55, 459, 464, 493 514, 515,
522, 539, 575.

71555515, 55. 855 7155551.

Plemgton, fleury. 297.

.................... 51755155, 350.

.......... 1151555155, 376, 382.

7155. 85571555.

7115555. 855 7155551.

71515515. 855 71515511.

715555, John, 562.

7155555515, John, of Appylby, 266.

715151, 1151155193.

71515νὶ11, 7151555115, william, 157, 207.

715115, 151515, 32.

7155551555, clement 55, 514.

.......... Henryde, 547.

........., John 55, 417, 418, 472, 545.

.......... 75155 55, 476.

75551, 111511555517115151111555, 256.

755555. 855 755555.

75155551, 75555551, 75555551, 1151511, 456

.......... 77111155, 424, 551, 662.

7515155. 855 7555155.

751. 8557515.

751555, 151515, 20, 21.

.......... 7155555523.

7515, 75515, 75515, 751, 115555 (15, 440, 570.

.......... 155551 (15 15, 621, 629, 630, 631.

.......... Marjory 55 15, 376.

.......... michael (15 15. 5551 51 856511, 356,
616, 619, 623, 630.

.......... 855555, 49.

.........,1151)551,556.

.......... william 55, 221.

.......... 771111555515, 501, 502, 503, 565.

.................... 555151 8511511, 255, 308, 553,
563, 599. And 555 75515 aud Pull.

751565515, 77111155 55, 370.
Ι 7515555ί51151,οξ5115555511[55.77555151],555555

751575, william, 259.

7511555, Agnes, 172

.......... Thomu, 51 0551555555151155, 63.
7511555515. 855 7515555515.
7551555575515557555553555. 8575555555.
75515, 11151555 55, 140.

.......... walter 55, of Quydenhum, 440.
75515 11565511, 55. 855 Robertabridge.
7551515551 [eo. York]‚ 555155 51, 576, 578.
7551515515, 115ςὶ5515 55, 34.

755155, 11555555, 32.

INDEX OF PERSONS.

Pony, 7155555, 651.

75555551. 855 75155551.

755 55, 75515 , Poni 55, Ponn ‚

yngMichael (157830, 36853, 391, 4251184127,

447, 459, 489, 493, 523, 542, 559, 617.
632. 654, 655.

.......... 1151515 55, 614.

.......... 11151555 (15, 617.

.......... 1156551, 151. 73, 559.

.......... Thomas 55, 408, 506, 568.

755, 11155515, 410.

75515. See 7515.

7555, 7555, 81551555, 37.

.......... Thomas. 70.

7555555155, 592.

755555, 11151555, 51 8155551155, 11555
5555555, 379.

7555558595535515551555, Ε551555 55, 415,

.......... 1115115155 55, 500, 502.
.......... 11555555, 468.

755155, 11555515, 140, 216.
.....,,55155541

.......... 7515515, 101.

.......... 77111155, 151. 382.
.................... Agnes wife 51, ib.
7551511, 1155551, 541.

75515511, John, 210.

Potoyu, 751555, John, 655.
......., ......,.., 555155 511155155515, 493.
...., Roget, 492, 493, 654.
751555, william 55, 84.

75115555, John, 51 8511115155, 245.
75115555, 75155, 501.

751155, John. 631.

.......... 1715155155 15, 397, 503.
.......... 11151555, 556.

7555155, Pouger, Henry, 268, 306.
.......... 5551265506.

.......... 1555, 306.

., John, 226, 244, 268, 306.
Ponere. 855 755555.

Pouger. 855 75551555.

75515. 855 7515.

7555551515). See Peyver.
75515511, (15511555, 121.

.......... John, 121.

7555555555, 11151555 55, 43.
755555, 755555, John 55, 402, 512-
7555551. 855 75155551.
7551537ιέ5ᾖὲ5. 7511 aad 75151 1141101· de·

Poynwn, 7515155, Alex. 55, 163.
.......... 1151155155, 129, 194.
.......... william de, 162, 194. 109.
755515, Hugh 55, 43, 50.

.......... 11155555 55, 18.

7551, Henry, 568.

.......... 55555, 5555555518.
.......... 115555490.

 

