818

3011011000, 5000101, 000.

00150011, 1101001010, 100501 01, 305, 432, 433,
400, 500, 501, 520, 530, 556, 502, 620,
023, 625, 020, 032, 640.

1101101, Peneo, 51050101, 042.

001000011011,111110100001105, 10000101, 402,
512, 510, 519, 574, 579.

· 0111010, 50100101, 435, 513, 615.

0100000101, 100 01, 530.

(11αο055011, 1110501 01, 522.

0110110350 [in 71115οο05001, mmor 01. 020.

(1011101,501011101, 505, 500, 322.

11000111000. See 1111011011,

1153505111, 11010001. See 110535101.

11016010 3010101, 1103511501 (nic) Poverell,
5050101, 442, 445, 507 , 531, 534, 509,
590, 501, 325, 020, 620, 330.

1111535101, Ηο11101,110350100, 1100010, 11011100,
H henot, 11000001, 1111101101, 5010111
01 01101 01, 393, 403, 410, 443. 455,
513, 515, 521, 522, 501, 505, 500, 013,

10515Ξῒ151ἓΙ 10505110, 505101. 101, 010,
0100311500, mmor of. 101, 010,

11010. sie 1110.
Hmssffl’, 6112310 , 15000101, 405, 590,

0011050011 01010101.
1101150, 01. 3011011, 50105 01150 05501 01,
400, 505, 500, 513, 119. 533, 015, 617,

110111010, 1110110101, 534, 530, 541, 530, 573,
500, 501, 020, 320, 035, 644.

1101135105, Ηο0100, 10001, 516.

153106010, 103011010, 100 01 , 421, 540.

1535001, mmor 01, 045.

1105000101, 5000101, 404, 015, 017, 021, 023,
627, 029, 034 ,041, 647.

1101100, 50001 01100 01, 405, 436, 500, 570,

haddon, 100110, 100 or 510001 01, 433, 500.
1111050111, 11115015, 501051 and 510001 01, 410,
gg. gg 432, 438. 500. 534. 593, 622.
“ 1105001(οι 1101111 Alto), 100 01, 400, 503.
1101151111, 11οο1115151, 5111011101, 615.
11011011ώ2110331311 aud 100 01. 434, 435. 440,

11010105, 1101001 01 150 5115011110 01, 417,
437, 430, 487, 507, 519, 544, 597, 613,
051, 06110160051, 51000101, 534, 627, 344.

01015011, 15000101, 621.

INDEX OF BARONIES,

HONORS, FEES, 1110.

00010115, 10050101, 300.

Ρο1111501110, 11101101 01, 352.

Ρ100501, 1111101, 1111150101, 010.

11155135. See 11150135.

1110510000, 5000101, 402, 400, 440, 512, 521,
523, 530, 541, 021, 021, 320, 632, 604,
035, 030, 042, 043, 043, 651, 053.

110301, 0011, 10001, 502.

anger, 1105011 0011 01 , 100 01, 505.

11155135, 11150135, 10000101, 517, 577.

1110111ῃ5010111 01, 300, 400, 013, 010, 310,

11101533. See 001110 11101113.

01. 11011010, 1101510. 0111101010.

0511031153, 0511511153, 15050101, 343.

0501110500, 0501005051, 11101101 01. 030.

somery, 100 01, 432.

01111100, 1110501 01, 400, 610.

0001510010, 0111515010, 110 01, 438.

0111105, 1501101 01, 504320, 344.

01100100, 11101101 01, 035.

1500115011, 1010051110, 50100 or honor 01,
4004104110, 3203 ,6203311340
1141645, 643, 050.

1110101011, 15110100, 0111101011, mmor 01, 502,

Τ5010οΞ1ΞΞ5134030110111, 1501001500, 5101101 01,

Γ15111105, 15111105. 0101500105.

1150115010, 1150550111, 5111110101,501.

1015001, 1111110, 00. Fam, 0101101 01, 035, 340.

Γ1115010011. 1101051 and 5101101 01, 500, 019,
320, 021, 625, 044.

1051350010051010105 (1101, 5010111 01,
411, 440, 510, 570, 505, 337.

1101005, 100 01, 433.

viltone. 0001111100.

110110, 50100101, 400.

1101101100, 501001, 50501 and 100 01, 400, 400,
410, 430, 513, 517, 524, 570, 502, 504.

1110501153 1, 0010 wenti, 50110101, 400.

1150050105. 01101051001101.

11135105, 0101101 01, 547, 351.

11111011,111110110.150001 01, 301, 425. .

wintarthing, 111500101151113, 011501 and
001111 01, 405, 344.

1101510301, 1110003010, 501051, honor 01
1501101 01,301, 403, 425, 507, 500, 510,
517 510 506, 570, 501, 502, 505, 013.
026, 623, 632, 635, 330.

1110115010, 1111010010, 1110501 01, 400, 010.

111151, 0111051, 100 01, 420.

11100001, 1110001010, 5000101, 374.

SERJEANTIES.

’.1011110 050130 010 101000, p. 3.

101150 0 baut (averium) 050 0 5105 in 0 0511, 11 150 king should 01001 150 m. Ρ· 6·
'Po 00111 0 11050 (0111010) before 150 king 05 0511011500 day, 11 5015011 5011101101, 1)- 243·
10 50 11535 05001111οο 01 511 0010001100 [1111111 00101111, p. 243.

 

