808

11101101 [1113111001 1101100, Lino.. 186.

111011010031,1110110131, 1101000101, 121.

11101101, 1101000101, 120, 121.

.......... 1110110101, 01010101, 115.

1110010010, 11010010, 00011111, 60010010,
11011011, 396, 480, 603, 566.

.......... Βο110161 100 in, 626.

1110011οἑ51 [11 Ohipping], 1101101010, Istune.¹

1111001101 [10 1101101161 (1011100101οη 86.

1110101010, 1100110101, 11θί0101010, 11011-
aton, 1101000101, 98-100.

Whinbergh, Quiuehorgo‚ Whineburgh, Wyn-
bergh, 010111, 11011011, 300, 426,
480, 1011.

111101ἷὲ111ἒέ66113101] , 111101111111100,

1111000011, 11101111010,11011011,416, 455,
639, 694, 634.

1111100010 [in waltham, 1111111010, 11011, 23.

1111101. 8001111101.

1111101011. 8001100101.

1111100011. 800 1111111011.

1111111οῆ16ἰᾶ1111101016, 11011, 24. 800 30110·
0 .

1111οᾚ101, Wigholingham, Wiglinghnm,
oebssmm’ 11011011, 477, 497, 663,

1111010110, 111110001011011, 4, 11, 21. 800
0110011οή10006.

1111101ἓο100 [11 1111110111, 1111111100,

1111181011, 11000, 83, 87.

111111111100, 1111118101, Iano„ 84.

111111001111101, 11111000, Lino„ 166, 184,
222, 247, 248, 267, 302, 365.

.......... 010101 01, 332.

11111101, 01110101101111110011, 1111011011,
11011011, 414, 466, 637, 693, 642.

1111111111114111101111, 1101000101, 010101 01,

Whitynghnm. 800 Whittinghnm.
Whytefeld. 800 1111111016.
1111111100, 800 Withington.
11101011 See 1111101011.
111011131010. 8001111011131010.

11101 End [11 8160101000] 8160010100 wyk,
11011011, 404, 616, 577, 636.

1110101, 1401111111, 4100 111111, 11011011, 1
409, 450, 623, 583.

111010111, Wekyngby, wykyngby‚ Wykynby,
11]10061,11110.,169, 179, m, 245,
264, 269, 303, 360.

.......... 010101 01, 310.

111011ὶο[10482110061 11111011 juxta 811060,
......... 2110100Ι [in 11001101], 11111111.

11011, 25.
.......... 11001, 11111011, 11011, 18, 50.

1101100100οι, 11111011, 11011, 10.

1110110001οο wyohnmptom wimpwn' 1 01010101,101.

11011011, 437, 472, 619, 670.

INDEX OF PLACES.

Wieklewood‚ Wykilwodo, 111001010060,
1111101060, 1111101111060, 11011011,
333, 446, 482, 534, 535, 691, 627, 628,

1110110010,Ι 1111011010, 11011011, 389, 462,
11} 486, 487, 488, 564, 665, 616, 617,

11101011. ι80017111101.

171101101. 800 Wignton.

Wiggenhnll, Wygenhal, 11011011, 407, 409,
449, 520, 621, 524, 581, 613.

Wigholinghnm. 800 Whitlinghum.

Wighton, 1110101, 11101101, 11011011, 405,
421, 473, 617, 649, 637, 652.

Wiglingham. 8001111111101011.

1113010ῗό111ἶῶμῖἓὲ101, wigman. 1101000101,

1111111101. 010101 01. 107.
1111110ῐὲ.3 91111101011, 11110101, Lino„ 184,

1111000101. 800 Wiokhmpton.

111101011. 8001113101. ’

11111011. 800 1111011111 016 1110110011ηο1.

1111101060. 800111011011006.

111111, 11111011, Wyleby, 1111011011110111,
Wyluby‚ wylby. 11011011, 423, 424,
466, 551, 602, 647.

1111660011. 800 8101600101.

111160110111 1[8171 1000111011 Wylemorth.
1no.‚ .

Wilobye. 8001111111.

1111ος101. 80011110031101.

1111001016. 800111101016.

Wilgeby. 800 Willoughby. silk.

Wilghby. SeeWilby.

wilksby, Wilkesby‚ 11110, 180, 181.

...... 01010101, 326.

willeby. 800 Wilby.

1111100600, 111661, 374.

.......... 01010101, 378.

111110011οῳ. See 111001011οφ0.
will· 11401 [by Stow], 11110, 010101 01, 329,

.......... 010111, Wolyngham, 01011 Wylyng·
10111, Lino„ 186, 248.
North 006 80011, mmmmm,
Wylyngham. Wolynghnm‚ 11110, 146,
172, 179, 182, 187, 226, 236, 245, 216,
263, 269, 285, 286, 306, 360.
.................... 01010100 01, 310, 312.
Willoughby (by 411016), 1111111,
11110 130 136 178 243 266
.................... 010101 01, 821.
......... [in AnmterL Wylub? Wffluby,
Wylughby‚ 11110, 167, 13Ι ,201338
.......... 80011, Wyhxghby, 1110, 189.
.......... 8111, 1111101ἷο1110 8111011, 811111,
11 leghby. yn hby,Wi1 by,Lim.‚
126, 135, 139, 178189, 1915198.
91101ὅῖ1001, 1111011, Wyluby, 1010,

 

