INDEX OF PERSONS.

11011011110110100, 01110101, 60.

·········· 60101630.

.......... william, 24, 25.

11101111, 1101111, 11000111, Agnes 60, 617.

.......... (1110011 60, 164, 168.

.......... 1011100, 64, 230, 293, 617.

.......... 1101101160, 164, 260.

.......... 110ςο1601, 87.

.......... 1110111160, 168, 160.

........., william 601, 396, 496, 646.

1101111011. 80011111.

1101111111, 60. See 1101100.

1101. See 111101.

1160111111. 80οΗ11610011111.

1161111101, 1116111101, (11101, 121, 122.

.......... Thomas, 121, 122.

111011, John, 01 1101101000, 366.

1111011011, John (10, 476, 662.

.......... 3011101660, 443.

.......... 110101 60. 632.

1111, william, 268.

1111011101, Η1111100101, Hugh, 147, 148, 266.

11110111, 1711110193.

11111110110111648.

Araxum, John, 0111101113, 622.

111016, 1111016, John. 399.

.......... Margaret, 200, 210.

.......... Roget, 144, 200.

.......... 11101111606. 606.

.......... 171111111697.

1100111111, 17111011, 01 7701101101, 94

111016οΙ1. 0001111601.

11111, {lat-⁸113& 1101111, 11010, 11011, 110111-
01, .

.......,,Β1111,640.

.......... 11011101, 638.

.......... 10111160, 416, 417,447, 448, 464, 466,
639, 641642, 646.

........, ........, 111. 634, 636, 666.

..., Roget, knt. 666, 674, 694, 697.

.......... 11011000, 166, 222.

......... , william, 222, 602, 664

11111111, 1111111116, 10111, 606.

.......... 11011011, 01 8111101101, 260, 364.

11111601, 011101. See Albini 0116 8110 1111.

fflfflfflmmfflffiamm
4mfflmfflffimm
mmmmmfflmm
mmmmmmmm
mmmfflmffimm
mffimfflmmfflm
ffimffifflmfflfflm

11111601, 111016011, 11116011, 1011160, 427, i

493, 669.
.................... 01811111, 242, 253, 270.
.................... 111. 681.
111, Roman 60, 364.
110001. 6001111111.
1111016111. See 11010101.

10101, 10111, 694.

1110101, 10101111, 1110101· 01, 128, 194.

.,110101,299.

1111111, Emby, 1110110111, 1110111, why,
1101111, 0001110160, 249.

.......... John 60, 136, 197, 300.

.......... 10161160, 136, 136, 197.

.......... 1110110101 60, 98.

.......... 1110111111 60, 103.

.......... Simon 60, 01 1111100111011, 218.

.......... Thomna 60, 221, 260, 600.

......, ........,01Ι101100111,119,120, ·

.......... william, 104.

101111. 0001111111.

11111,10111, 663, 668.

1101111, 11011111, 1011160, 42, 61.

.......... Boger 60, 42, 61.

1100111. 0001111111.

1010100. 80010101.

1110111, 0111101101 1101111111, 368

1110111110. 1111110160, 390, 426.

10101111. 11101611, 1101016001, 1000011101,
Hugh 60, 166, 221.

........., 1011160, 169, 166, 218, 222.
.......... 10101000, 169, 166.
.......... william 60, 218, 222, 231, 257. 294,

.................... of 1111106111, 360.
11ώο1011111, 10111, 662.

1110110101. See 11111101.

10000111, 1101110111, 1110111116 60, 61.
.......... 010110110100.

1111111101, 1110110101, John 60, 86.
.......... william, of Oronten, 1111. 93.
1101011101. 8001100101.

10111, 11011011, 48.

1 1101010. See 111101.
g 11101111,10111111,11010101,110110111,Εο11101,

1111110111, 16010160, 149.
.......... John 60, 138, 161, 218, 271, 283, 606.
.......... 11010160, 138, 161, 216, 220, 267,
262, 266, 269, 274, 288.
1116011115410217111011, Ε111100111106101, 131,

1 .......... nmwffiffi

111101111110101111110, Ε11100, 1111100, 1110-
.......... 1111311118·
wwmmfflmmmm
we& 60, 391, 402, 426, 461, 402,
„mfflfflfflffiwwfflffi

1110111101, (1001110160, 461618, 679.
Ι .......... 1011160, 444.

.................... 00101 110101 60, 469.
.................... 01 11011001, 264.
sura 60, 399, 608, 670.
.......... 11101110 60, 481.

.......... 7711110111,682.

1011110111. See 10111011.

1111161. 0001010161.

 

