710

1101110, 1110110100 60, 102.

1010106111οω 566.

11001100. 8001100001.

Lyonn, 601111010ωο11, 546.

11000110, 11101100, Adam 60, 416, 416, 466, 536.

.......... Α11101660,,536 536536, 564, 642. ·

Iqwuru, hysara, Fulk 60, 1311171, 176.
Lym, John, 576.

1100γο01011. 600110700100.

1101100, 1110100060, 50.

Lym-s. SeeLyuoun.

1⁴an 10111010, 16111010, John, 536, 535,

.......... Simon, 461.

Μ

1101101, 1701101000 01, 366.

110100γο. 60011, 276, 665, 666.

.......... 606011,0160611010, 366.

11001101, John 0011 01, 465.

1101601000, mutor 01 1110 0011000 01. 600
110100, 6011011.

1101011116111006, 564.

1101000. See 110111

1111101011, 601011, 0111060010, 356.

1101110116οῳ, 1101111οη (sic), John, 656, 674.

.................... 01 11006010, 346.

........, 60601160, 164, 621, 300.

1101001, 1100, 146, 616.

110100100001. 600110000100001.

1101001011, 1011011101, 467.

1101001000. 60011011001000.

11010160, 1601110160, 110Ιο110160, -, 566, 561.

......... 38}ss ph 60, 412, 444, 474, 475, 533,

.......... 60601110, 446, 566.

110101, ......Θὲξὲγέωῶ ,156, 636, 633

...,,1001101 6561161666.

...,‚John 156, 633, 655, 661, 666.
.................... 0110110100, 666, 660,
.........‚ 601011, 140, 216.

.......... william, 655, 611, 666, 366, 566.
1101010101, 61100100, 256.

1101110160. See 11010160.

1101100100(οἰ0). 6001101016.

11011100 oo. 110111, 06600001, 6, 17.
11011011. 6001101010

110100100016010100100, 1101010100, 1101010011,
1101100110, 675, 661..
mah, ἐ 6331. 64. 65, 62, 36, 36, 43

.......... 6101101661 110110, 71.
.......... 11101000, 01 1100, 66, 64, 36, 36, 43.

INDEX OF PERSONS.

11010101ὲ1ᾁ31101100100010), 1110110100, 536, 537,

...,,60001 466.
1101010 110101011011011, 1101011000165.
..,,,10110 121.
...,Roger, 67. 66.
.......... Thomu. 98.
.........‚ 7711110111, 121.
1101000, Μο0000, John, 546.
.......... Philip, 666.
11011110 1101106011001060 14110060, 436, 514.
.......... 1110100 60, 434, 504.
.......... 61001101, 575.
..., 11101γο 60, 466.
......... ,6 0611110ὣο, 461, 462, 464, 465, 467, 476,

.................... 11111. 616.

.......... 60601160, 435, 436, 463, 564, 513,
514, 57, 564.

...,011100001011, 366.
.................... 0160610110 228.
1101111οῳ (aie). See Malberthorp.

1101100, [00. YorkJ, prior 01, 114, 157, 617.
11011011, Thomu, 0160611010, 266.
.......... william, 01 11066010, 666.
1101010. 6001101017.
1100, 11061011, 606.
....., John 10, 641, 544.
.......... 60601110, 542.
.......... 1110010060, 249.
.......... william, 664.
1100110 11011060 11000060 John, 681.
.......... 1101000173.
.......... 7711110000, 616, 661, 511, 576.
11006001006001100110100
11006011110,1100601110,1100060161, 11000110-
11111, 1100601110, 61001660, 375, 363.
.......... 60011100 60 46.
.......... 110110 01, 661.
........, 60601160, 630, 656.
.......... 1101101008.
.......... william 60, 617, 671, 686.
11011010 6001101160
11000100, Alica, 65.
.......... 6101111011, 65.
11011010, 1101101110, 6016111060 366, 427, 440,
444, 458, 461, 466, 463, 557.
1101110010, ’11100100 60 636.
1101100100, 61011016, 556.
11000100, Roget, 01 11101101, 71.
.......... william, 01 st. 1100101100, 64.
1100100100. See 1100110100.
1101, 11010. See 11010.
1101011, 001101. See 1101110101.
1101011, 1101101161. Mamm, 4061011, 436.
.......... 10110366.
.......... 61100006010,564.
,,,,,,,,,, 11111100,491.
11010101. See 1101011011.

 

