INDEX 01¹ PLACES.

775155. 8557751155.

7750153155,11551515,398, 399, 451. 507, 508,
570, 571, 638, 639.

7751151155. See 7711151155.

7751155.775(1(151ο5.775(11ο55, 17511515, 392,
58, 490, 557, 653.

77515Ιῖ53) [15 6511551551 71555Ιί53, Norfolk,

Wuham, 7755155555515, 77555555551751-
, 1515. 484, 469, 504, 505. 567, 620.
7755511515. See 7751511551.
7755555555. 7755555515, 17514511, 417. 453,
540, 541, 595, 635.

Weeluby [15 0155], Welenby, 11155361.
775511535977ἷῖ5ὲί533 Norfolk, 427, 459, 493,

7755155 [15 1111115515] 7751551115, 775155,
775115155, 1155533, 90, 95.

775155. 8515771555.

7755151555. See 7755151555.

Wokyngby. SeeWickenby.

Wolborne, Welebum, Welburne, Norfolk,
445. 482, 535, 590, 628.

77515555, wellebum, 11155, ’191,

7751115155, 855775155155.

walby, Oleby, 1151555155, 113.

........ 217075125515, Lino„ 161, 166, 191, 203.
“ , 5.

7755515115. 8557751655515115.

7751511515. 855775155555.

Wolesby. See Woelsby.

77515515, 15155515, 121.

.......... 555555 of, 111.

7751153555. 855775111535551.
775117751151155, 180176, 178, 2156272349.
.......... Norfolk See 775115.

........ , . 11511 [15 (1571551 775115, 5511515450.
welle, Κ551, 61.

7751155555. 855 7751115515.

77511551. 1955775155.

7755551553. 85577555155555.

77555155. See 7751155

77511 5551ὲ97ἔ5ὲ34535515, 17511515. 416, 455,

.......... 7751153555, [55155 51 , 610.

7751553515,775111535555577515535555773153-
over, 11155, 151. 191, 204, 253, 367.

wells [5551 155 5551, 77511, 17511515, 421, 453,
548. 600, 652.

.......... eollevyll and Haobeoch 155 15, 652.

775155515535 [with 815555], 7755155535,
1151555155, 97.

775155 77511115 [15 8115561551 7755551111,
7155555555, Lanos„ 88, 37 .

7751155 [by Linooln]. prebenda ot (Brynkhall
and 85555115. 77551555, 1451155] Paynes-
8811, Dnvy Β5115511, 1115511 (1511555115),

......... [15 155 5155551 775115155. Lino„ 130,
158, 178, 229, 272, 291, 352.

.................... 555555 of. 320.

......... [1577516], 11155, 177, 265, 275, 358.

.................... 555155 51, 313.

7751153555). 855775111535551.
Welyngouer. 855 7751553555.
Weudling, Norfolk, 454.

[1555551. 5555555551.

77515555. 77155515, 11511515, 400, 452, 507
509, 510, 571, 638, 639.

7755555555. See 7755555155.

7755153155. 8557755153155.

Wesenhum. 857755555555.

77555551 [15 1115555151, 77555515, Lam„ 95.

77551555. 8511515450.

755155553577551855135, 77551 8515535,
Line, 135, 154191, 197, 205, 250.

7755155555, 7755155155, Middx, 374.

7755157, Lino„ 166, 188, 210.

7755155555. 855 7755155551.

1755151555. See 011115, 77551. ,

7755155511 [1505515171551555155. Κ551, 1.

77551553. 85515135, 77551.

7755155555351· [15 8155151111 77555153555315,
wostyngangre, Κ551, 11, 29.

7755155555, 7755155515, 11551, 19, 47.

7755151515. See 7551, 77551.

7755111551, 11551515, 391, 425, 439, 546, 632.

7751113515, 11551, 10, 60, 63.

7755155555. 8511553155, 77551,

7755155115533. 855 11551153, 77551.

7755155155. 8511115155, 77551.

7755115155. 855 7755151555.

77551155, 7755115, 11551, 5,

westminster, Middx.. 374.

.......... 81. 1115535151555555515, 370.

7755155. Line.. 133, 163, 134, 241, 369.

.......... 17511515, 415, 466, 533, 593, 504, 642

77551555. 855 7715155.

Westpookhum. 855 7555555, 77551.

7755115515. See 7755155555.

775511153555355. 8557755155515351,

7755155555. 855 7751155, 77551.

7755115511, 11551, 14.

7755111551. 855 0155515151.

7755151511. 77551535, 11551515, 467, 484, 435
505, 567, 619, 620.

7755155511 [15 Ρ1551ο5], 11551, 36.

Westwyk. 855 7755151511.

7755555555. 855 771555, 77551.

775155355315. See Westonhnnger.

77515515. 855 7755515555.

7751555511. 855 771155511

7751115155. 855 7755155,

77511533. 855 77551153.

775155. 8557755155.

7715155155. 855 7755151555.

7755555533. 855 Uxbridge.

Weybourne,6 3735331355, Norfolk, 402, 461, 512,
574, , .

77515551. 855 7751511551.

7715315115, Quappolade, Swappolad, Isim..
151, 163, 133, 240, 241, 369.

77551155. 8511551151.

 

