740

2116111. 81121111111.

2111111111, 21111116, John 111, 38.

.......... 1111111181.
21111111111111111, 651.

21111111, Henry de, 395,

21111111, 1111111111 (11, 85, 88.
201111,291ἒ1211π1111, 2111111, 1111111, 263,

.......... 2111111, 142, 143, 217, 234, 257, 259,
261, 282, 284, 291, 346.

.................... of Botheby, 352.

21111111, 8112111111.

21111111, 2111111, 2111111111, 2111111111,
2111111111, 269, 290,

.......... (1111111 de, 150. 238.

.......... walterdo, 221, 280,

.......... william 111, 215, 238, 289.

2111111, 8112111111.

2111111, 21111111, 1111111, 163.

.......... 1111111111, 159, 219, 297.

.......... 2111111111, 159, 219.

21111115, Ε111111111111,1111. 95, 96.

.......... Η1111111, 82, 87.

2111111, John, 92.

.......... Bobert, 130, 175.

.......... 1711111256.

Trogos, 11111 11, 588.

.......... 11111140.

Trebam& 2111111111, John 111, 221, 260,

Balph de, 134, 148.

21111111111,1111111,513. ·

2111111111 [11. 8111111111, prior 11, 113, 325,

211111, John, 266, 232,

21111, Thomas, 111111111528.

2111111111, 2111111111, 2111111111,
211111111111, Η111111 do, 194, 200.

.......... Ῑ11111111111,200.

.......... walterdo, 129, 175, 195, 203.

211111, 11111,491.

2111111111, 81121111111111.

21111111, 2111111, 75.

.......... william, 68.

2111111111. 81121111111111.

’ 1111111111114.

2111111, 8111111111, 471.
.......... 11111111 do, 481.

211111111ςὲιέιὲ ξὲιίωροωιι, 2111111111, John
1, , .

.......... Roget 11111 111111· 111, 99.

.......... 8111111199.

2111111, william, 406,

21111116, 2111111111, 21111111, 11111111,
.......... Constantino, 170.

.......... 711111, 398.

.......... 21111111, 572.
21111111111111461, ’

.......... 81111111, 105.

.......... william, 106, 123. 126, 574.
2111111111, 8112111111111.

1111111 11111111.

1 211111, John, 11111111111111, 270, ’
1 21111111111, 1111111111, 270. ι
1 2111111111, 5111168.

Ι .......... 7711111129.

f 211111, Elisabeth 11111, 68, 69.
Ι 211111, Biohard, 11 Brnmpton, 264.
; 211111. 811211111,
2111111113, {gaham 2111111111, Basilia de,
1 , .

ᾗ ...,.....,11411311·1111,647,648.
j .......... 2111111, 1111. 597·
5 .......... 771111111481.
1 211111, John, 572,
1 2111111111, John 1111, 492.
1 .......... 2111111 1111, 541.
· 2111111111. 8112111111111.
2111111, Mundo, 419, 436. 437, 519, 547.
,,,,,,,,,, John 111, 437, 519, 580,
11111 1111111111.
1 1 , , a, ‚ , , .

'l'urbervill‚ 171111111, 65.

2111111, mahom, 227, 808.

21111111, John, 276,

21111111ὲ4201111111, John, 281, 279. 286, 295,

.......... -‚ 11 (1111111, 344, 353355.
.......... 2111111260.
1111111111111, 66, 275.

.......... 1111111, 554. ’
21111111, 811211111.

211115111111. 8112111111.
2111111111. 81121111111111.

2111111111, 211111111, 2111111111, 2111111111,
1111111111, 600, 601.

.......... John 11, 421, 447, 542, 549. 600, 601.
.......... 1111111111, 548, 549.

.......... Thomu, 652.

2111111, 17111111 (11,,97.

21111ῗί6211111111, [1181181161. 1111111,

21111111, Thomu, 27.
2111111, 21111111. 811 21111111,
2111111111. 811211111111.
211111. 811 2111111.
211111. 8112111111.
2111111111, John de, 84.
2111111111, 1111111, 26.
.......... ’111111111126
21, John 111684.

.......... 21111111, 111. 540.
21111111, 811 21111111.
2111, 111111, 63.
2111111111. 1111111111.
2111. 81121161.
ulduno, 7711111111 11, 23.
211111,Βο1111,184.

’ 21111,771111111,1101111,252.

1 2111111,1111111,520,57Β· Ι
Ι 11111111111111111111111111. 141111.

1111111111, 1111111111

 

