780

1100056413330010, 001100, 400, 010, 000.

.......... 1010310, Ρο00130 and 1111010110, 623.
.......... 301105 01, 611.

1111100 10 11011000, 11111100, Isim.. 131, 164,
184, 239, 242.

.................... 0103001010 01, 131, 133137,
239, 240, 367.

.................... 05010101, 334.

10 11110003, 1111101οο, Lim.. 185365.
1111303100. 6001110103100.

11100053, 6001101053.

1001303100. 6001101110100.

1100115, 110015, Lino„ 187, 364.

.......... 050105 01, 328329.

1100310111, 1101000101, 07, 135.

.......... 0511105 01, 107.

11003100, 11011011, 436, 464, 514, 575, 615.
110011 32ιέ 316053 Elam 01100 1103530, 11001,

30015. 6001100111.
1013510511030, 111000, 374.
1101351ῗῶ , 1Κὲιὲ3351011, 1101151000. 1101000101,

11013100, (1033100, 1101000101, 118.
.......... 050105 01, 116.

110115100. 600 110135100.

110011, 11001, 38.

110011 [10 141010310011100170. ·
Ι 11001100. 600110001100.
110000103100, 1101000101. 122.

.......... 050105 01, 112.

1100001035, 1100000100. 6001100010103.
1100011100, 11001100, 11001, 0. 24. 71.
1100001ἐο3, 1100001035, 1100000100. 1100, 81,

110335100. 600Κο135100.
1101011110. 600 00011100.

- 110101303100. 600 000101103100.

1101001010. 600 0010010.

1100350οι. 600 00035010.

1135000115. 600 1115001111.

1131053. 6001100153.

131130300115. 600 1111001111

.......... 110301. 600 1111010115, 600111.
1131050110. 60011110501103.

113002ἔὸ1115 and 60015, 11100.. 189, 190,

63010153. 600111030153.
113001001013. 60011001010113.
1130000053. 600 111030153.
113000100000010. 600 11100010.
11300153. 600111030153.
1303000οο00. 160οΚ10300οη.
1130300100. 600 11103οω0.
1130ίο35010. 60011001035001.
13015013. 6001110315οψ0. ’
113οη035010. 600110103001010.
1101051· 3030001· ’

INDEX OF PLACES.

11331500. 6001113100.

113153 Βο1010. 600 10153Βο11010.
1131103100. 600111110103100.
11311053. 6001111153. ’
1130053. 6001101053.

L

In (1010. 600 Gora.

Δ 1101103350. 60010135.

10110330. 6001101105.
1100053, 10100053. 11033353, 1000053, Line„
183, 244, 249, .

.......... 050105 01, 315.

10111010. 600 61001010.

1035101100. 60010035101100.

11035100. 600 11003100 (010) and 10035100.
10103100. 600 1101103100.

1001005010, 11011011, 475.

10105010, 11015010, Middx,¹ 373. ·
.......... 01030101, 378.

110105010εο00 [10 6015010000 7], 11001, 32

’ 1010501330101,1101050150101, 11001, 16, 45, 54,

11001010011010010000,10010000, 11011011, 369,
463, 485, 487, 553, 555, 617, 618, 619.

1003010. 6001003103.

1003000 17001, 10030000, 11001, 24, 25.

11003010101003010115. 60010031010.

1003051001, 1100136.

langele. 6001003103.

10030100. 600 10035ωο1010)οΜ 1003100.

50031010, langeford, 100 forth, 11011011,
446, 455, 541, 596, 6311.

.......... 301105 01, 607.

10035010. 6001003103. “

11003500, 11011011, 401. 461, 511, 573. 633.

’ 1003103, 1100310350, 11003010, 11001, 16. 40.

10103103. 10035010, 10031110, 11011011, 432
433, 479, 500, 502, 564. 565, 623, 614,
.......... 1010310, Pavet-ys, 0100 1110101 10, 623.
.......... 301105 01, 611.
10031011, Lino.. 170, 187, 213, 252.
10103100, Lino.. 141, 217, 282.
.......... 11001,Εο11003100, 1101000101, 123.
.......... 11001. 1001000101, 124.
.................... 050105 01, 111.
......... 26[3321813111933010110], 11100.. 149.181,287,
.................... 050105 01. 826.
[53 631105 ], 11035100 (tic), 11100,
ἶ15331651 ,219, m, 245. 298, 301,
........., ........., 050105 01, 327.

1031103111]100“11οῙ11111”οω””

- .................... 050105 01, 311. ,

 

