INDEX OF PLAOES.

D

Dndlington, 0060Ιί01100, 1001000101, 09.
00111121110010041000010, 166, 179, 331, 245,

................... ‚ 01011006 01. 333.
migrant. 001111 6110001000, 1011000101,

............. -......,0110101101, 114.

.......... 1111110.1101000101,01101011 01, 117.

......... [00 tho Woldu]‚ 1101000101. 121.

1101601111, Lino.. 181, 342.

.......... 0110101101. 326.

0010. 800 0001.

1101101. 800 001101.

0011101. Wood, Wodallyng. Norfolk. 414,
465. 536, 092. 641.

.......... Fiam, Dallyngg 00160010001101-
1011, 420, 453. 461, 612. 541, 549.
574, 600, 634, 651.

00110010-80111010 1000100111, 10110.. 91, 93.

......... [10 11110111, 1000.. 80. 94.

0001011011. 8010001011.

001111 1[181011011οη 00011 81011101], 001111. 11100,

00111016. 0111101016, 110111 48, 49.

010111. 8000111111..

0011101 [10 00111011001 001101. 1116610000,
' 37313741381.

0001, 0010, 11001. 9.

0000 [10 1111001061 neno, 11001, 69.

......... court [111 1100111011]ι 00110, 11001, 33.
00000 [10 1110101101 11000, 11001. 26.
6460011, 0000. 10 81. 101100. 110111, 20,

0000000] &a 0001110 110000.
11000101, 000100611011111000 166. 187, 210.
.......... 11101101. 146. 174, 202, 212, 212.

00100. [111 0001001011 01001 ami 111110,
1111011016οΙ00, 10110 00100, 110111. 2, 46.

0010510111, 0010111101, 00101101
135 162 189 195 191

0001010010οο. 800 0110000100.

0000. 80011000; 00000.

00000111, 11001, 51.

0000101. 800 000101.

001100 Ru 00000100000111000, 11001, 23,

00011006 [10 chartham. 00001060, 11001. 20.
000100, 00010ιί00, 11001, 23, 71.
...0.11100.,168, 190, 211.

.......... Nonou, 395, 478, 497, 562, 616.
000101ὲ31ς100010011011011. 400. 451. 509. 571,

1100111110οἶ 800 000100.
1000110508]ἑ ’1510 1135, {gom 444, 481, 534.

1 00006010. 8008010000 00006010
1 00011010. 800 1100011110.
. 1101000οἕ0νῖ000,οἑιὲ111001, 11011011, 390. 425.

1 .......... 00111001. 91001, 11011011, 399, 400.
452. 508, 571, 638, 639.

001001010. 110111, 37.

00101016. 800 0001016.

001111110100. 800 006101111οψ

00101015οὦοὸ110011011, 408. 449, 522, 521581,

1101101016. 800 00111016.

001101100. 800 0011101100.

11001016, 00101016, 1101001101. 98. 109.

11011101, 11001, 16, 45.

0011110100 [in 001111],0101111010, 0101110010,
Lino.. 155. 157, 2302111245, 203,
294, 348, 349.

.......... 0110101101, 320.

0101110110 11, 0111010110, 1111101111, Nor·
101 ,478 495, 561164 .

0161101100. 0060111100, 006011110000611111.
1011711011010447. 455, 542. 1143, 596.

1111111,Σὲ611101, 11100.. 155, 190, 206. 250.

Dikleburgh. 800 010111οδ01111.

01111010, 11011011, 468, 483. 484, 553, 619.
0111011011. 800 0011101100.

01000. 8000100.
0110101111,01001101111,1101001101, 120, 121.
Dim. 01000, 00110111, 393, 477. 494, 660. 643.
Dioehiffiaffiffffinghm’ 11011011, 432, 479.

.......... 81100101100010010 624.

011100. 011100. 11001, 17, 42.
11211111111011111011111Μ·
0066101100, 0061111100, 11001, 13.
0000011100.. 191, 253. 368.

......... ἰῶῌέοδῦοάμςίοη. Lino„ 136, 154, 192,

0060110100. 800 0161100100.
0060100000105001111110100 in Althorpe].

Dodington, Dodyngton. 800 0066101100.
0010100. 800 00010100.

00111111. 800 00011111.

0001101111. 800 0010111001.

00100111. 800 0000111.

00011010. 800 0001101ιο.

00011010 Pam. See 0011011010.
0001111100. Line„ 131,164. 184, 239, 212.
00 Boin, Donyugton, Lino.. 180, 945.
.................... 0110101101, 321825.

1 00001011. 800 00011011.

“ Donum. 800 1101101001.

0001111100. 800 0001110100.

001111. 800 001111.
0011100100.011101100,011100000,0001ψῃ,
100.164,190,205. ,336

1 00001111. 8000010111.

 

