690 INDEX OF PERSONS.

1111111111, 1111111111, (11011111 110, 454, 595,
634, 646, 650.

.......... (1111111101, 539.

william 111, 416, 539.

111111, Peter, 538.

111111111,11111111111,1111111111. See 11111·
1011

11111111. See 111111.

2111111111 1911οη11111.
2111111111. 8111111111111.
1111111111. 8111111111.

211110, 1110111390, 503.

.......... william, 500, 502.
1111111101, 1110111101, 1111111111, 83.
.......... 1111111111, 87.

.......... 1111111111, 87.

.......... 111011111111, 87.

11011111, 21110111, Roget. 30.

11111111, 1111111111, 01 1111111μο111, 358, 359.
.......... 11011011, 278.

··.· ................. 01111011110111, 234.
. ......... 191111111430, 520, 580. ,
prend, John, 202.

Prone, 11111110 (11, 32.

Frange. 12101111, 11111, 000.

11101111. 3112111101.

11101111, william 10, 21.

1111111111, John 110, 20. 45, 48, 49, 54.
.......... 1111111110, 111. 48, 49, 51.
11111101, 1111111111 110, 241.

.......... Roget 110. 241.
2111111111, 0111111111, 37.

11101111, 11111111, 1111111, Alexander 111, 416,
455, 540, 595.

.......... Β11111111 110, 540.

.......... J 011, 485.

2111101111, 2111111111, Alios 110, 158, 283,
.......... 1111111111, 370.

.......... william (11, 218, 233.

11111101 [10.11111.], prior 11, 116.
1110111111, (11111111, 46.

.......... 1011, 46.

11110111. See 1111111111.

1111110101. 311211101111.

111111, 11111110, 0181111111, 340.

1111100, 9911111111, 101,

111101, almund, 604.

.....,...,101173.

................... 101 01 Simon 11, 374, 381.
.......... 11011111, 492,

.......... 991111111, 577.

11111111ἑῖἱ 1111101111, 1011111111, John 111,
,251 270, 277, 304.

.....,..., .....,..., 01 1111111111, 352, 360,
,...,...,1111111110, 170, 224.

1111110111, 1101111111 (11, 46.

1111111110, 1111111111, 01 3111111101, 1111111111,

1111111111, 1101111, 590.
1111111111. 8111111111

11111011ὶ11ἐ1411311, 30111011, 01111111. 11111
ο, , . .

11111111, 11111011, 1101111111, 1111101111,
{Quum John 111, 457, 531, 537,

.......... 11111111 111, 27, 415, 442, 531, 042
11111111. 8111111011.
1111111ῗέ911ῗὸ1511111 1111111111, (1111111 111,

.......... 1111111124.
111111, Thomu, 159.
11111. See 1111.
111111. See Filby.
Fylien. 111111, 271.
Fyn, 1011, 510.
,...,..., 111010111, 583.
1111111111, John 110, 508, 633.
.......... Simon, 571.
1111111111, 1111111, 1011, 11111011, 73.
.....,...,110111, 0273.
....... 011111111176.
.......... 1101011, 30.
1111011011, 557.
1111111111. See 1111.
11111111, John 110, 471.
11111111, 111111111, 11111101, 1111111111, 570.
.......... Η1111,557.
John, 459.
.................... 01 (1111111011, 358.
.................... 11111111, 252.
111111, william. 65.

11101111. 8112111111.
1111101. 8111111101.

G

0111, Η1111, 01 Β1111101, 301.
(1111111. See Gooolyn.

91111101. 30110556·
(111111, 110111 (sie), eo. 11111.. 10110101, 112.
(10111101, John, 568.

l 011111, {affixa-9, 0111116111111, 570.
...,...,, 0 , .
.......... 1111111114.

¹ 111111,111111111,111, 111
Galle, ῐ1101111, 11111111, 002.
1111111. 8110111111
011101, Stephon, 01111111. 29, 30.
0011111011011, 554. 590, 593.
.......... 1111111110
(111101, Thomu 1111, 510.
1111111111, 01110111. See 1111111111
01101101, 1011, 554.
.......... Thomu, 11111, 047.
0111111011. Su 1111111011.

 

