INDEX OF PERSONS.

2

25115515, 25115555, 25515555, John, 271, 309,
........ {301 5555535585, 555, 545.

Walter, 256, 270, 273. 278, 297, 305.

.................... 51 (151155555705115555),346,
348, 349, 353, 354, 357, 358, 360, 361.

.......... william, knt. 246.

25111555. See 255155.

251551, 2515515. Adam, 399, 508, 571.

.......... 5515· 51, 641.

John, 173, 503.

..,...,.., 151151124, 173, 508.

Peter, 452.

.......,.,Ῑ1151ι55·(1,151. 48.

7711115555, 22, 429, 431, 563.

2511155, Simon, 397.

2555555151555, 281.

.................... 5125551555, 359.

25555, 11155551, 601.
2555555, william, 230, 286.
2555551. 25555], Hugh, 399.

25555555, 1155555 (15, 40.

.......... John (15, 34.

25555155, Henry (15, 21.

251555515, 2515555515, 2151555515. See
2511555511.

25155511, 2515555511, 111551 (15, 156.

.......... John de, 231, 206.

......... 115155 (15, 200294.

2511515550, 2515551515, [1515555515. 2515515515,
2151155515, 251555515, 2551555515,
251555511115515, 193, 240, 395, 524.

.......... heire 51, 446, 449, 456, 480, 501, 502,
525, 530, 533, 534, 550, 564, 026, 640.

.......... 1555 (15, 389, 444. 445, 533.

......... ,5815555 (15, 155, 411, 440, 522, 520,

.......... merium. 411, 555, 555, 555.

.......... 1515 51. See 0555555511.

.......... lord 51, 258, 293, 582. And see
Oromwell.

.......... Romnae, 101, 127, 128,130,137,
148155, 175, 192, 230, 236, 240, 367,
369, 371, 394, 395, 396
408, 409411, 412, 413, 415, 416, 41 ,

mamre, 25555555, John, 20, 23.

2155555555, Β51(15·15(15, 473, 546, 599.

.......... John de, 535, 623.

.......... 1115155155 (15, 519, 544.

.......... Simon (15, 419, 546.

.......... william, 594.

Tutemet, 3555551115, 48.

255511, John. 550.

25515555. See 25115515.

2551552ξ5511ὁ555, 15 25511555, Tainour, Henry,

John, 20.

.......... 115355, 51 2515555, 255.
.......... 2555555, 69.

255551, 25155551. See 25555511.
251511, 256551. See 25511511.
2555551, John, 51 45155155, 250.

Temple. (55515551155, 130, 132, 134, 135,
141-144, 145, 148149, 150. 152, 153,
154, 155, 156, 158, 161,162, 167, 108,
171, 172, 174, 200, 201, 203-209, 211-
213, 228, 229, 233.

2555515ᾀο12555515, 25555511, 115511( (15, 145,

.......... 1115555155100.

.......... 1151551, 51 8515551515, 106.
25511553, 1555, 645.

.......... william, 561.

25555. 8552555.

25555, John, 21,

.......... william, 250.

255511, 171111555250.

‘Pon-y, Hem-y, 549.

2511551115. 855255155115.

2555551555. 8152155551555.

25515515, william, 257, 305.

2511551, 25115515. See Thettord.
Tettolowe. 855251151555.

mandor, Adam (15, 43.

..,...,.., John (15, 43.

255155, 2555551155, 2555155, 1551551, 301.
......... 35 17555 (15, 157, 232, 254, 277, 301,

.................... canonos Liuooln, 357.
.......... 2515515, 234, 284.

....., 11515551 (15, 143, 149, 234, 235.
.......... 2155555515, 143, 234.

, ‚ 2551555515. 85525115555511.
ι 21551551, 25511551. 3525511551.

578, 584, 588, 589, 590, 593, 595, 000.
.................... the younger, 44 .
.......... Stephon (15, 506, 568.
.......... Thomas, 503.

19462

'l'helveffi 2551551555, 2551551555, John (15,

.......... 1511555 (15, 643.
.......... 11511555 (15, 391, 500.
2555555115. Sao 2555555515.

34

 

