stamford, 8888818111, Lino.. 187, 252.
.......... 8118181188 81 :-

411 8111818, 888.
88. 1411818811, 999.
88. 01818888, 889.
88. Georgo, 888.
88. John, 888.
88. 1181818, 888.
88. 111819, 888.
88. 1118111181, 888.
88. Paul, 888.
St. Peter, 888.
88. 88881188, 839.

88886117. 888 88818117.
888888. 888 staina.

INDEX OF PLACES. 799

8888111811 [18 118118111718887811181888878-
1 {9¹¹¹ 8111181111 8111, 188118. 199,

¹ 88181187, 8881881881, 8880881881, Μὶᾶᾱι..
1 3783783811.

· .......... 81181811 of. 878.
88818888. 888 88111888 81111 1118188881
88811888, Lino.. 868,
8887118. See 8811111.
8878811818. 8887818111. 888 8881811816.
, 8881838118. 888 88881788.
1 8887818311. 8888818187.
88878888. See 98818888, 1181188.
888.78118811 See 8888111811
'89999999 888 8811111117 ¹

88888817. 888 88818817. ¹
18111141, 1121111 441, 499 494 999, 888. j 99””’1,1,,8’11’1”1818811110118, 11141211
888811888881181111. 11811811. 410. 489, 440, ¹ 841
452, 525, 526, 584. 585, 640, 641 ........... 8111181101, 828.
88118811.8811111111 01818 and 1118818, 88181887,88118887,8871887,11188.,181,850.
19901373 944 339 1 .......... 1111111 11888, 994.

¹ 8818181916088991981118, 8811111818, 11811811, 405,

·········· ⁰¹¹¹¹¹⁰¹¹⁰⁸⁰f 979999· 8111117, 81711118, 81711171, 1111111 490,
88888187181188181811818,8811811478. 1 421. 458, 547, 548, 549, 000, 001, 651,
98888888818881188811811888, 44. 652.

8888888118. See 88888 881888. 8811818111. 988 8818118111.

8888888 881181888188. 1181888881, 100. 88118887. 888 88181887.

.......... 1118888888818888189818 8818111818888881111811111.

......... 11118111, See 8881111188 11818111 88111888. 888 stanton 81111 8811188811
,,,,,,,,, 888997, staunton, 1111981881, ehumh 8811118818,Ι811811181916289798Ἠ1111188,
011 111111

8888118118. 888 8888111811 ‚ .......... 18118181181, 824.

8811111811, 11111818, 872, 874, 875, 870, 881. 8888111817, 8881811811, 118118, 10, 39. “
.......... 81181811 81, 879. 8888188888, 8881111188, 1181888881, 81181811 81,
880130018188787888. 888 88881788. 4 ῙῙῙ·

summm gegsminghffl, 8881118811. 888 8888111811.

sum &estam 888818ο8. 8881188, 11811811, 890, 897. 480

8180101818, 8119118818118188181, 118. Ι1 · Ι
.................... ohumh of 117 ......, Β178811188 18, 025.

..1.111.. 149 191 919 999, 949. ·········· 9911191108 625

...1118818 Lino. 191. ·········· 1101111181, 011.
81811888 88888888, 88118888, 11811811, 895, 478, 9199992198 3996999999 99999199 Ι1199111111,

Stathfflssffififflflgssbstfflm 119· 888117, ,98895878 norton, 402, 401, 512, 578,

.......... 8118181181, 110.

8818818111. 888 8881818181.

88888188, 11818. See 8888888 8888117.

......... 1219818111, 8888888 Η8111111, 1181888888,

8881118888. 888 8888188888
8181888818, Κ888, 18, 48.
......... [1181171. 11811811, 451, 507, 688.
........ [8811118771 1181888881, 126.
¹ ......... [1111181811]8111111418,1·18,881,
477, 498, 499, 568, 680, 681.
989· 99... 7ῑῑῑῑῑ1318111188181, ......, 81.

9939999· 9999999· 9099 111 811111,1111.,131188
88878787. 88888818183. ””””” ’199799 ’ ’
88818888888881188118811. 888 88811881 gwkebm 9,, 97009999,
3181818799ἳῇῦῆ 999299 99891· ¹³⁰· l⁷⁵· 88111118. 81 8111111111

.- ········· ohhmhgs of'3w’323' 888188. 888 88818
9901991111 99199 9199 18181 9999...

....,81181811 ο8, 824, 825, 888118880888, 11888, 49, .

81171. 81181111. ’
8887818111. 888 8881811816.

 

