694

01000, 10 01000 0110010110, fleury, 550, 646
..,5οο0, 176, 227, 569, 541.

.................... 01 1101011011 260.

.......... 1101ρο, 426.

.......... 11100016, 415, 444, 456.

.......... Roget, 01 0011010110 259.
...,,100000 104120.

.................... 010100001100,00.1101·1011014, 1
mm 1 01104100 011οἒ130, ,0101001οο 011011οο,

.......... 99111100105.
.......... 9911110010, 405.

01000010, 0100010, 11011011, 01 10110001,
254, 266, 659.

010001016. See 0100011016.

010001016, 0100010110, -, 76.

.......... 5000, 56.

.................... 011106000017.

0100080110, 5000 60, 468.

01001016. 600 0100000111

01003101, 10000060, 296.

01000101. 9000101101.

0100000010, 11000016 60, 415.

omnin, 01001000000101, 676.

0101000, 11011011, 0180001100110, 661.

01010, John, 647.

. Gay, 0101, 010, Gran, 10 0101, 60 01ογ,
1101108000.

......... ,13Ιέοὲῗὲ 1016 01 006001, 2, 42, 46, 645,

.Μο0000000,Μ1

440, 529, 544, 586.
......,..,101.656,655.

m.fflmmewm W

.................... 01601001 256.

.................... 101601006001, 122.

.......... 11ος10016,1016011101010,124,126,
560, 596, 616, 617, 619, 626, 666, 642,
046, 644, 646, 647, 646, 656.

.......... 11100016, 16-16, 411, 412, 464, 528.

.................... 10111 01 006001, 246.

............................. 60111006, 246.

......... 86 ἐ5342,1111100000, 266,

.......... Thomu, 25, 466, 491, 526, 566, 656.
.....,, 9901101, 167.

.......... william, 4, 557.

0101000ογ, 0101110101, Simon 110, 244.
.......... Thomu 60, 226, 256.

0101011116. See 0100011016.

01010100. See 01100100.
0110300,110001,597.

0110100100, 5000 60, 86.

011110, 011111. 6000101101.

011001ἒ1ἑ1ἐ 01000016, 01100006, 5000, 496,

.........,110100, 156.
99111100, 428, 460, 498.
0110011100100. 1900οη00011οο0.

INDEX OF PERSONS.

01110οἕ62011000ογ, 0110000ογ, Adam 60,

ἱ .......... 1001160, 256, 259, 606.
.......... 1110041660, 675.
01101111, 01100001, 0110004ογ, eo. Lino.

&mmmfflmmffi
mmmmmmmmm

0100111 249.

11100016

11000
.......... Simon 60, 416, 540.
.......... Thomu 60, 511,576.
0110100100, 0170100111, 4111400601, 275.
.......... 9010160ΙΙ 166.

0110601, william-¹399. Ι
0110, Ἥ, John 10, 01 0001041110, 466, 501,

.......... 1101101160, 697, 506.
........„nog0r,501.

.......... Simon 10, 466, 501.
...,,....,Το0000;604.

0114100, 00110 01, 421, 600. A

.......... John 60, 492, 654.

........ ,11οο0160566

.......... Roget 60, 691, 696, 492, 558.
0111, 99111100, 561.

010ογ, 1016 01. Su 9011011, william 60.
01000. 8000100.

0101001111, 11001160. 51.

5000 60, 67.

.......... 11100016 60, 67 , 45.

.......... 1101016029.

Thomas, 01 1116611100, 76. 79.
010010, 11100016, 42.

01011, {w 01000, 1160060, 416, 414, 466,

500060, 467, 469ζ 546.
.................... 101. 555.

.......... 01110160, 527, 556. 555, 556, 567,
596, 6026, 616, 619, 662. 641.

ww.Qfflmfflfflmm
......... Ἑωᾙᾟωωωω

.......... 99011000101030000100661.

01040001 (110 arande 110010),[00.Υο11],
01101011 1.21

01010, John 0110 76, 563.

0101110, 00011101, 699.

0101110, 50011, 576.

0100011111. See 01100016.

0100011011, 11100660, 670.

0111110, John, 126.

01710, John. 102.

0111000116. 6000110016.

011004ογ. 60001104ογ.

0110104100. See 01100100.

 

