INDEX OF PLACES.

00110011ἷ13811,1ξ2100100110, 00110301, 1101000101,

.......... 0110101101,108.

00111ογ [10 01011101 ’10110Ιο1010), 11100, 185.
000010. 300 0011101.

001111ος. 300 00011110.

0000100111οφ0, 000100110100, 1101000101, 124.
0000111ἕῖ[11088000110 3111101111, 0010111010,

00010000Πο. 30000111011011.

0010011001, Lino.. 139, 176, 183223, 224303.
.......... 0110101100 01, 319.

001110), 000010, 001110, 111331, 373.

...,...,, 0110101101, 378.

0010111010. 300 0000010100.

01011. 30001011.

0100111001, 0100031010,11001,15, 37.
0100011000. 300 010000.

0101101100, 01000010, 01000010. 300 0100111011.
01001013, 0101101013, 111331.. 373, 373, 382.
.......... 01101011 01, 378.

01000001000110110, 1101001101, 01101011 01, 111.

01000011, 11100, 130, 189, 195, 333.

0100111011, 01000000, 00111011, (11000000,
01110οη0, 11011011, 423, 459, 493, 354.

0100001111,110110111, 480.

0100111013. 30001001013.

0101300111, 3010001ογ, 11001, 50

......,..,1101111, 0100, 11001, 50.

......... 31. Many, 0101130010 1110110, 11001, 19.

......... 81. Panl'n. Oroy Paulyn, 110111, 49.

010010. 0101. 01011, 1101111003 300111, 1101-
1011, 403, 405, 403, 430, 515, 517, 518,
519, 573, 578, 579, 337, 338.

0100100, 010100, 01011011, Lino„ 143, 188, 202.

0101. 300 010010.

emplum. 300 011001000001.

0100110οι. 300 1110011001.

111000οἢ010, 01001 and 111111011011011, 443,
, 455, 541, 544, 535.

010100. 3000100100.

croy. 300 0101.

croy Pnulyn. See 0101, St. Panl'n.

Oroyk. 300 0100110.

(11000030 [10 30030 01001, 11001, 50.

011001001010, 010100100οω, 011001001οω,
11011011, 400, 451, 509, 339.

0003101013, 01γο 11013, 11011011, 444, 475,
533, 589, 331.

.......... 1101οο1 100 10, 327.

, 01011, 01011, 1101000101, 01101011 01, 103.

Lino.. 130, 179, 245, 2532123411.
.......... 0110101101, 320.

0101010100. 3000101100.

01010100, 11100, 189.

01011003. 300 01001003.

01001 {gn nullm, Crongnbory, 11001,

011111010101111111, 111101.
01003010. 300 01003010.
010ος011011. 300 0100131111.

769

0100111010. 300 0100011101ρο.

0100100 [10 11101001]Ι 01000100, Ianne.. 83.
0100111, 01000011, Line.. 185.

......... ὲὣΙέιοηΙὲὃ [10 3011001 Parva Oronnoby.

Gnouton, 11000, 82, 90, 93.
0100111011. 300 0100101001.
01001010101001103111, 11011011, 474.

0100111101
484, 483 553 317 6

01000100. 300 0100100.

οω01οἒιξό. 01011003, 01010003, Lino„ 184,

010010, 01011, 0101, 11100, 185, 371. ,
.......... 0110101101, 332.

010110111οφ0010030111010, 0100 thorp, 1101-
1011, 445, 481, 534, 590, 333. ,

010131,11100.,143, 158. 131, 137, 182, 218,
220, 253. 233, 212, 238, 283, 296, 299,
302, 357. “
.......... 01101011 01, 311.

01011011, 01010100. Lino.. 138, 140, 182, 215,
213, 242, 243. 270, 279, 281, 344.
.......... ’ .....,..., 0110101101, 314, 315.

.......... 0101110100. 11011011, 428, 459, 460,
494, 559, 355.

.......... 1101101101. 308.
......... [1101111111 1111000101, 01101011 01, 115.
.....,...ἰ 13410111, 01010100, 1101000101, 01101011 01 ,

0101. 300 0101110.

01010003. 300 01001003.

01011. 300 010010.

01003010, 01003010, 11001, 7, 13, 33.
0100301010. 300 01000100100.
01010ρί00000. 3000110010011010.
0110113013. 30001101101013.

00311001, 00301010, 110111, 18, 50.

0001300 [in hoylam, Kirden. 110110, 91.
0010110111 [10 WinwiokJ. 1000, 89.
001101111οῳ, 001000111010, Line.. 189.
0001110. 300 Combe.
Gnmbefflgntsshfflnn.. 172173, 178, 225, 257,

.......... 0110101101321.

011111111ος. 1001111111.

000100111οψ. 30000001001110100.

001101ιῇ 0001001ῗοοᾒ100110101000, 0011001011,
001, , , .

00111013, 00100013, 11010πο13, 00111013,
11100.. 138, 150, 183, 214, 237, 242,
231279, 289.

.......... 01101011 01, 313.

 

