INDEX OF PERSONS.

Sengham, John 60, 403.

6006000, 1060 60, 47.
6001000 Fontibus, 6001601000οπ 60, 374.
60010000, 60 600100 1000106001οω, 6010000,

606001, 20, 26, 64,
.......... Thomas, 01606 60 60060106, 71, 76.
.......... william, 16, 26, 40, 64.
.................... 601. 20.
.................... 01 Aah, 76.
600. See 6000.

sagma. Seeflegme.
6010000. 600 60010000.
6000060, lugam 60, 162.
.....,.., 1110600660, 162, 229.
6000016, Simon, 666.

6000010, 1111160699.

60000010. 600 6000000.

60000000. 600010 11100οο, 011100 60, 467.
.......... 6610006, 126.

.......... 1060 60, 630.

.......... 60106 60, 419, 441, 660, 646, 687.
6000100οο. 6006100010 6006000010, de.
6000 61060100, Thomas 60, 26.
6000010100. See 600010 eluro, 60.
6000110000. See 600010 Lucia, 60.
1100011000, Ιο0601, 222,

6606000016, 60606000016, 1060 60, 196.
.......... 6010060, 169, 226.

.......... 60600160, 224.

660011006οτ0, william 60, 202.
6600001010οἀ, 660001001006, 101000, 26.
.......... Roget 60, 6.

.......... william 60, 64.
6600000001060, 641.

6600601000, 6060060600, 1060, 660.
.................... 101. 699.

.......... 'rhomae 60, 616.

660000οῗ0, 60600006000, Andron· 60, 462,

.......... 60011000 60, 411, 440, 626, 686.
.......... 1060 60, 624.

.......... walterdo, 409, 467.

.......... william 60, 440, 641.

660001006, 00. 1101000100, 000100 01, 103.
66000, 60160010, 01 60110606, 261.

.......... Hugh, 0110016οο, 680.

.......... 6106006, 21.

6600010ξῇ gabbaram, 60001060, 606001 60, 6,

Simon, 6, 7.

6601016, 66010160, 60606016, 1060, 239, 277.
.......... 606001, 10 went 6011000001, 364.
.......... 1160000060, 227, 608.

.......... wimundo, 620.

66011006. See 16011006.

66016000061060, 01 0001006000, 60.

761

6601100, 60601100, 6000060, 627.

.......... 1060 60, 411, 414, 477, 667, 660, 692.
.......... 1101600100 60, 686, 686.

......... ὲ46130106 60, 601, 627, 664, 641, 642,

......... ‚5530ng 60, 411, 412, 432, 477, 479,

.......... william, 664.
6601001060 60, 40.
.......... william 60, 40.
66010000. 6000610100 60, 26.
.......... 1060 60, 26.
.......... Thomas 60, 32.
6600060, 11100110. 44.
66000, 1060, 662.

.......... Roget, 497.

6600006, 66000006, 6600610600. 6006000006,
1060, 66, 649, 660, 669, 646.

.. ....., 606001, 666.

.......... william‚664.

660000, 66006000,106060, 102.

.......... 1060, 01 00600100, 106.

660061060,66000006, 600 6600006.

6600010010, Peter, 98.

6600060110, 01600160, 48.

6666006016, 60000 60, 6, 23, 66.

66100000, 6106006, 412, 476, 628.

6610600000, 60600160, 44.

661006000, 6600000111, 60610000, 6061006000,
william 60, 402, 421, 649, 601.

6610610000, 6106006 60, 87.

66101006. 1060, 70.

6610100, 6600100, Margaret, 120.

,........,60106,120,121,122.

660060060, 1060, 681.

160000, 1060 60, 41.

.......... walter 60, 26, 29.

6601, william, 48.

6601006000, 6060100600, 60010016 60, 431.

.......... 6106110660, 691, 426, 489.

.......... 600060,477.

6601010060, 0711110οΛ3.

6601100100, william, 66.

6600166000660166010, 60166000, 0011001016,
00100 01, 396, 399, 400, 444, 460, 461,
462, 476, 607, 609, 610, 670, 671, 669.

6600166000, 66016600, 60000060, 461.

.......... Simon, 620.

66000600, 66006000, 6060006000, 60100 60,
422, 660, 602.

6600006100, 6106006, 262.

66000601οπ0, 61110 60, 24.

.......... 6016010000( 60, 24.

.......... 106060, 24.

.......... 1110011060, 24.

66016600. 600 6600166000.

6601100106060, 96.
.......... 6106006 60, 98, 126.
.......... Thomu 60, 124.
6601100016, 1060 60, 86.

 

