188

1104400-00444.
.......... 11000100, Puddingnorton, 1104400,
1104414044, 11041011, 403, 460, 1415, 576.
......... 8050044444, norton 8440400044, 11041011,
433, 480, 501, 565.
.......... 100404 104 10, 623.
.......... Wood, 1104400, Wodo 1104400,
11041011, 413, 414, 465, 536, 592, 841.
1104444404. See 1114144444, North.
1104441014, 0140401444 01 :-
000141040 Ward, pp. 605-6.
84. 1444444, 0444044.
84, Ρ4404, 8004144444.
84. 80444441 400 84. Julian.
84. 8414410400.
84 clement. 440.
84. 94444 per Mounoergato.
84. 1141414.
84. 1114474144 14444.
......... 104144 1144414
St. 1110140144, 8441400414.
84. Β4441401040444.
84. 1110144441 000 8414144410.
84. John, 8044 844044.
4111841044.
84. Κ441444104.
11400401411440. p. 806.
84. Ρ4444,114004014.
84. Stephon.
84. 01144.
1104414 wammam.
84. 0110044144 0041404.
8414444.
84. Georgo. 0100140440.
84. Augustino.
84. 0144444444, 040.
84. 14144] 14 84404.
All 841044, «84. 8441004 4041 84.
Margaret.
st. Botolph.
84. Edmund, 440.
84. 1444444 401414 Pookthorpo.
84. Ρ401.
1110444· ward. pp. 6045.
84. 84040144.
84. 84141410.
84. Margaret.
8414044004.
8411440044.
84. John, 1440044110144.
84. 04044404.
84. 41004044.
84. 1411014441 44 Ρ104.
84. Peter, Hungato.
84 810400 400 84. «14404.
84. Georgo. Tomblmd.
84 Martia, 44 Ρ41404.
84. Helen (011144).
014401, 483.
......... , 44140414 01, 419, 548, 829,

INDEX OF PLAGES.

1104440104. 844110441444010.

11048444400. 844 04544400.
11040144110044144, laium, 123.

.......... 01404014 01, 112.

110441414οι0. 844114441014440. .
110444004. 8441144444εο

1104444144. See Noseley.

11044440, 11044404, 110444404, 11404, 7, 17, 40.

0

04444, 0441441, Moe-ter, 101.
.......... 0140401401, 107.
Onkley [in Highsm]¹ 44410, 014014, 11404, l. 41.

, .........,41414,8011011,463,823.

0444, 0404. 114444, 38.
0144140404 [10 Thurlby} Lino.. 127, 187, 192, ,
Oby [1ἒο7414ἕ4ἐ4ἆ]ὸ44410147, 11041014, 398, 470,

0010. See 41014.

0814404, 0114144404, 11404, 17. 42.

Offyngton. 844 08103400.

ognrth. 844 04444414.

0144140144. 844110010014.

01414. 844 041144.

04440444 [1084. 1044440444] 11404, 50. , ¹

Oleby. 844 walby.

0140004144. 844 1114004144.

0144140404, 84401144410404

01400. 8440441400. ¹

004140, 00140. 844 Wanlip.

Opoohireho. 844 Upohuroh.

Orby. Orreby. Lino.. 130, 178, 258, 272, 345.

.......... 01404014 01. 820, 321.

0404411 [1080480214ἒιὲ44111040444414. 1140044414,
Lanos„ , . ‚

0444 [1001414144], Ηο444, 044, 11404, Mb.
844 0140 0444.

0440410440, 11041014, 465.

otford [in 8101440011 141040, 14100 , 182.

04344414 [10 HnughnmJ. Ogurth, 14104.. 191.

· 0414444004, 8414444400, 0414044004, 04144400,

11404, 4, 111, 28.

00044144, Lino„ 4140441401, 318.

.......... 11041011, 469.

........,,1104414 and 8044414, Isium, 140, 141,
143, 152, 183, 180, 216, 217, 228. 230,
234, 243, 245. 253, 262, 285, 280, 281,
284, 290, 292, 341.

0401004044, 040γο4004, 8404, 19.

044400. 84404444.

04400 on thleoffill, 0444400, 1441044444, 41404414
01,1 .

04144440011041444400, 1401044444, 97.

0040040ξὲ, ggetmby. 14100.. 129. 162. 189,

 

