682 INDEX OF PERSONS.

Ourteyffiiirmdun, 01110105] 0010 Ρο0100ογ.

.......... 000016, 01 111ος51, 361.
........, John. 255, 260, 276.
.......... 1103100111, 270.

.......... 1105001 10, 158.

.......... Walter. 398.

0001οο. 800 000100

Canon, 00100000, 000000, 0000000, 01100500.
Adam, 533.

......... , Alexander. 490.

Hugh, 531, 533.

.................... 01 00010100, 532.

......... ἐς(3120110, 122, 485, 513, 554. 575, 585,

.................... 101. 583.
.......... 1101500100 le, 475, 481.
.......... 111003οη, 482, 625.
.......... 11105006 60, 102.

........., 1105001, 489, 490, 534, 591, 621653.
.........,110300,391,425,429. 431, 435, 465,
467, 480, 489, 498, 513, 556, 563.

.......... 1100000121.

.......... william, 122, 423, 431, 442, 445,
475. 490. 500, 531, 532. 534, 547, 550,
589, 602, 625, 627 , 629.

................... , 01 00010100, 443.

.................... 01 11060100, 392.

000100. 8001100110.

Cui, 1105001, 494, 496.

.......... william, 393.

(101ογ0, 1050, 103.

0110000, Adam, 444.

D

Bam-⁹⁸3⁰& 60, 01 11011006, oo.Cu1nb.,

.......... 1101100110, 84.

.......... william do, 240.

.................... 1101. 91.

Ductus, 1050, 221, 265, 300.

00101000, bugamum, 4301100,150106],469.
....,....,1105001,424.

.................... 01 1111005010, 439.

0ομ0081ἑ141ῧξο1ἃ111, 0003000015, 1050 60,

.......... 1110501110 60, 42, 495.
00101000. 800 0000000.

many, John, 558.

.......... 1501000, 426, 493.
0010000, 00100000. 800 0011000.
00151, 001051, 1050, 01 valby, 341.
11105006 60, 152, m, 291.
.......... 1105001 60, 452, 461.
.......... Simon 60, 160.

.......... ’1500100 60, 160, 219, 298.

00161, 1050, 561.

0010, 1110501010 de 10, 217, 281.

.......... 111111010, 01 1101100, 265.

................... 10150, 510.

001057. 800 Dalby.

Daiei. william 60, 548.

0011000, 00100000, 0010000, 0010000, do
11111000. 60 11100οο, 1050, 215, 279.

........., 111006. 138, 215.

.......... 1110501110, 279.

.................... 01 10351011, 344, 365.

.......... 1110111006, 140, 170, 217.

.......... 1111111110, 01 (100100, 352.

Dullyngg, 10100, 420, 547.

........, Philip, 420‚600.

.......... Simon 60, 474.

.......... Stephon 60, 547.

Dalion, 11105016 60, 93.

0011100. See 0011000.

0010016, william, 396.

0001000, 1050, 565.

00051, 11100 60, 163, 176, 242.

0000, Simon, 70.

000101οὑ16οἓ 7ἑ1001010, 00101000, 110105. 97.

000101, Henry. 30.

.......... william 000 01, 165.

00001, de 1000000011, Hugh 60, 141.

........., John. 217, 218, 226, 259, 262, 264,
267, 282, 283, 307.

.................... dol Park, 218.

.......... 1000, 225, 305.

,1311211οἓ 127, 129,141,142, 193, 195,

.......... 11105010, 243.

........ 11001000, 243.

.........,110105,142.

.....,.., 1105001, 139, 141, 142172. 199, 215,
223-225. 262. 265, 266, 270, 273, 275,
280, 303, 304.

.......... william, 142, 144165, 214, 218, 279.

00060100, Thomas, 88.

000011, 001001, 0ογ0011, 81100, 372.

.......... 11010ογ, 375, 381.

........., 1050, 375, 381.

.......... 11105006, 421493.

00011006,000101006.001101101150, 00. 11001,
priores· 01, 62, 71, 75, 79.

0001010206οὶ 60 1415101000, 00050001, uile· 60,

.................... 01 0001036οο, 856.
.......... 1050, 132, 196, 235, 266, 285.
........., 011000, 132.
.......... william, 266, 278, 285, 631648.
.................... 01 1101500111, 265.

And 000 Albini.
00006010, 1050 de, 479.
0001100000. 800 00101100.
00001000, 111050οᾱ, 134, 276.
Duum, 60 1110010, Roget, 144, 155, 200.
........., 11111100, 138, 215.

 

