INDEX OF PERSONS.

25115115165515, 129.

...,1555,126,129,1462147,146,174,
Ι...1111194 2122632111.
...1,5555 368, 393.

......... mago& 193, 194, 212, 213, 212,

.......... 251155 51, 462.
.......... 2111515547.
25155, 1155111516 65, 450.
25155555. 3559515555
251551ἑ136 2511515 251551,

.......... Alexander 65, 419, 434, 467, 469
479, 564, 546.

.......... Stephon 65, 417.
.......... 25115565, 564, 517, 546, 567, 577.

.......... william 65, 403, 613.
.................... 5165516555, 353.
2516555555. 1551155565, 516.

2516555. 6556511555 2516515.

2516555515, 11155556, 25.

25165555 (515), 5555151. 655 2515155555.
25161551516, Adam 65, 452.

251615555, Thomu 65, 34.
11111151101511111100 51, 1556 51 05555511,

25155, 1155551 65, 547.

2515555115555, 267, 279, 306.

.................... 512515555. 242, 253.

25155555. See 7515151555.

251555. saw-1110.

251555, 1555, 5111515555, 507.

.......... walter, 507.

25115655, 1555, 626.

251151555, 11555555 65, 516, 526, 585.

.......... 11155556 65, 509.

.......... 1155551, 460.

251155, 1155551, 511555155, 356.

2511515. 6552515515.

251151515, 2511551565, 11155556 65, 496.
.........,5111555, 55. 051556, 1551. 59,

.................... 1111555515, 51115 51, ib.

2511555. 6552551155.

251551, 2515551, Alexander 65, 463.

......... hmo 1ἕᾶ 71515ἑ8115, 551, 515, 155,

.......... 15555165, 411, 440, 526.

.......... 1555 65, 469, 411, 437, 440, 526, 565.
.......... william, 563.

25155515, 1155551, 124.

2515155111, Η5555 65, 242.

.......... John 65, 626.

.......... 11555565, 564, 567.

.......... 1115115115, 567, 571.

145555 65,147,1””“’

743

251555, 251555, 15 251555, 65 251555,
1465115, 440.

.......... 6565555442.

.......... 1455115, 49.

.......... 1555, 527.

.................... 51 0155115555, 226.

. .................. 51651555, 347.

.......... 1115555551, 347.

......... 6155556, 126, 143, 234.

.......... 1555555120.
2,.51155 411, 527, 566.

.......... william ,96

2551555515, 25165515 (515), 55. 11551511,
55155 51 405, 420, 454, 465, 517, 537,
546, 573, 576, 578, 576, 562, 594, 666,
661, 637, 641, 651.

2551555515, (1551511555 65, 405.

......... ,6011155556 65, 405, 421, 517, 549, 578.

.......... 2111155165, 549.

2555551555, 1555, 165.
.......... 111155, 5111551, 105.

walter. John, 31.

.......... 1155551, 51 Η51155555511, 355.
551151. See 11115 Walter
.......... 15555516, 96.

251155155, 1115155155. 549.

.......... 11555155, 652.

25111515, Η5555, 666.

.......... 11555565, 104.

.......... 21111515, 511515555, 242.

5111111511[5551151], 55551 55155, 16421,
260, 293, 360, ,137 .

walton. 11555555, 257, 305.

.......... 2551565, 62, 66.

.......... william, or william 65, 66, 90. 557,
556, 570. 560, 581, 562.

2515151555, 251555155. 1555 65, 616.

.................... 51 2115511555, 247, 253.

12111711112112111111111

2556555115, 116515, 219, 296.

25555156561155515656515 55156,1115555156,
1161555 65, 163, 362.
..1555 163, 241.

.......... 1515555165, 162, 209.

.......... 115155 65, 132, 240.

.., 25515, 240.

.......... 2111151565, 246.

2555515, 65. 655 25555555.

2556, 25565, 6611111156 15, 494.
....., 1151515411, 494.

...,,... 1515206, 257, 501, 565, 630.
.................... 51 1151555, 202.
.................... 51 6115565155, 256.
.................... 51 15551555, 347.
.................... 51 1511515515, 244.
.................... 51 2515555155, 355.

 

