684

11111016. 000111016.

1111103100, 105060, 154, 200.

11111006, 1105011, 80.

1111030, 77111100, 202.

1111003, 111000, 113003, 11000003, 003

1130011103, 1050, 140, 154, 1 ,206
216, 270. 281.

................... , 0111005001, 001011, 644.
.................... 01 113030153657.
.......... 1105011, 01 0010053, 242, 259.
.......... william, 212, 216, 281.

1110310000. 000 1100001100.

0103000101. 000 1100000001.
11111001131100, 110135 60, 17, 42, 45.
.......... Thomu 60, 42.

110. 0001100.

’ 1100130330, 1101130310511. 550.

.......... 1110501οε 60, 468.

.......... 11105016 60, 409, 410, 498.

.......... 21050100 60, 409, 468.

1106, 10511, 65.

.........,Ρο101,60.

nod· 100, 110613000100, 11060110300100,
10300100, 50110 01, 591.

.......... 11035 60, 460, 447, 448. 514 575

.......... 105060, 542, 544

11066303, Adam, 500, 502.

1106303100, Ηι13560, 154, 205

.......... 1711110060, 154.

110301,10511,505.

1101010, John, 504.

11011303. See 1100130330.

1101500, 1050, 541, 546.

1101303500, william 60, 444.

1100000010. 0001100000.

11000164οἆ1ἰ 1050 60, panon 01 81. ummo,

110001001100010017111110, 141, 199.
110000, 110013 60, 84.
11003031001105011, 016030300115, 901.
1100, Do. John 10, 415, 417. 568, 561.
1101103, Thomas, 0180651010, 658.
Dono, John 60, 100.

11011030, 0115011, 194, 276.

11010016, 11010006, Ηο013, 051.
.......... 1050, 052.

0060300101. See 1106610300100.
1101001, 1105011, 000.

11οο51133, 1105011 60, 01 Medon-en, 228.
1100350113, 00350113, william, 262, 602.
11001, 1050, 68.

11000. 000 110000.

noun-7. 1105011, 01505111, 900.

110000. See nom.

11000100, 1050, 105.

110003, 11003, 1050, 411, 521.

......, nabat, 627.

11000, 1150011, 01 1700303500, W.
11006010, John 60, 410.

INDEX OF PERSONS.

1101002ἑο0110101 uu 50000 01, 4, 9, 12, 24,

.......... 3110101, 15, 29.
11000, 110301, 554.
110000, 1100110, 11000, 1050 60, 569, 541.

ν ..........10501000110506010,46.

.......... 10010000 nto, 40.

......... , Ρο10160, 127.

.......... 11105016, 549.

.......... 1105011 6010, 40.

.......... 11030160 la, 675.

.......... william 0110, 05.

11000303, 1105011, 570.

110313, 1105011, 200.

11105011, 110135, 01 (10015111, 270.
111030. See 111030.

111010, 17111110, 484.

1110301, 11103001, 11103001, (1103013, 006.
........., 1050, 250, 651.

.......... 11105050, 01 11030100, 660.
.......... Simon, 042.

.......... william, 556, 051.

1100000016, 1110000011, Roget, 409, 586.
Dru [0010111 prior 01, 110.
1110115010, william 60, 157,

111153, 111353, 1111153, 11035 60, 258, 214, 640.
.......... 1000 60, 456, 481.
........,«1050, 118, 120.

.......... 110135 60, 127, 160, 150, 204.
........., 1105011 60, 127.

111030, 11030, 77111100 uon 01, 156, 260.
111013,1110013,111013, 1050, 01 worda, 72.
.......... william, 504, 661.
.................... 01 8011110153, 652.
11060130, 1711110040

1101105000, Thomu, 684.
Ι1011016,11105016, 01 Baton, 646.
11011016. See 1111016.

110350113. Su 1100350113.

110101, 11105016, 169, 146, 101, 200, 215.
1101103500, 0015000, 481, 564
11000103, 1050, 005.

110030101105011, 01 0001015013, 57.
1100510, 1050 60, 416, 569, 595.
.......... Reginam 60, 467. 519.
1100500011, John 60, 696, 462, 506.
110000πᾶ7000οω [00. 1100001. prior 01.

1100010510, oo. 11061016, 3110101, 110.
11000100, Hugh 60, 475.
.......... 1050 60, 475, 569, 589.
.......... 11105010· 60, 446.
.......... 1105011 60, 476, 566.
.......... 17111100 60, 446.
And 000 11000100.
1100100, william 60, 240.
11003. see 110003.
1101001. 11010001. See Dumnt. .

11010110, 11000130. 8⁶⁶ Μ·

 

