724

- 3001, 30501110, 41.

30010007, John 10, 43.

3010007, 30100007, oo. 30010, 0550101, 440,
449, 450, 451, 452, 585.

30010, 1050, 635, 655.

.......... 3105011, 597.

......,.., 305011, 505, 505, 581.

3001011, 3001011, 000117, 474.

.......... clarius, 474.

.......... 1050, 572.

.......... 3105011, 580.

.......... 7711111101, 535.

30011105, william 000 01, 134.

30000, 30070, 300110, John, 599.

.......... 11111000 10, 172, 226.

.......... 305011 10, 139, 215, 280.

.......... 8100500 10, 173.

.......... Thomu 10, 140.

.......... 77111100,οὶ 7771707500, 247.

30005, 01001001, 604.

300711. See 30000

301, 30501110, 172.

30157, 301057, 00. Laio.. 100101 01, 110.

3010111, 30101710. 500 3010115.

3010, John, 143, 236.

.......... 77111100, 235, 285.

3015057, Βὸιι2201715057, 30715057, 301707, 01

.......... 505010, 255, 258, 292, 302, 303.
.......... 1050, 01 (10000500, 353, 357.
.................... 0111100010, 357.

.......... 11117 10, 234.

.......... 1110000161.

.................... 0131000117, 259, 350.
.......... william, 252, 302.

3011001000, 3011100100, Adam 10 433, 501.

.......... John de, 501, 512, 518, 535, 545,
555, 592, 598, 534.

.......... 21100010, 402, 405, 414, 418, 465,
473, 518, 536, 545, 578.

30110057ὁὸ 30110057, 001100. 30017 vim 01,

301111οέιῖοῗ 01501100, 251. 4010003111
3001001, 3501011047.

300101, 305011, 0100100, 254.

300170. 5003111170.

3070010110[77001], 00. Lino. prior 01, 315,

3110011101οε, 30501110, 147, 230.
300170, 310170, John. 563.

.......... 3105011, 0131000115, 254.
3070011. 0003071011.

30715057. 600 3015057.

30010, 3010, 301, John, 430, 514, 616.
.................... 0111005101, 7001101, 75
.......... Ρο101,011)0701,75

.......... Βειίὶἰιὶς3105111, 574. Ana 100 3010

10110110 ΜΨ [ω “²⁸1

INDEX OF PERSONS.

ἷ 3000110, John, 01 7701111001, 250.

100οἛ nom. 0100101 11111 000,

301. see 301111.

3010. 500 300110 and 3010.

3010001070. 1700000170.

30100101, 105010, 371.

3010051101, 3110001 10, 016.

3010000110, 3105011 10, ss.

30110115. See 3011011.

3015001, 30115010001111, 453.

.......... John 10, 480.

.......... 5111150010, 471.

.......... 01100110, 412, 528.

.......... 3500111010, 000000011771001010472.
.......... 517211111111, 10, 437, 456, 470, 472, 473,

3011070. See 3011117.

· 3011001,1050,444.

301707, John, 005.

300, 00101110, 29.

3011 See 3010.

3000, John, 549.

.......... 7711111110, 627, 649.
3015001, John 10 390, 488.
.......... 3071011110, 453, 485, 555.
.......... 3070110, 618.

30710011, Peterson 01 11. ‘
.......... william 00001, 376, 352.
30105110, ω3607005010, ,3070111111Ι 11101001 10,

.......... 1010110, 406, 4077 449, 521, 547
.......... Thomna& 399, 407, 521.
30010100, 3001011100, 7501001, m.
.................... 0137075001, 550.
nonem, 00100, 00.
......,..,...111110145
30001, 300015, 37001,141111,525.
.......... 3110001, 630.
.......... John, 523, 543.
300000, 30000, 5110010, 512, 573.
.......... Banholomovdo, 515.
.......... 31017010, 390, 487
.......... 5050, 574, 016.
.......... 1001000010, 403, 464, 467, 481, 452,
.......... Reginum 10, 401, 402, 512.
·. ......... 35000010, 455, 543.
.......... william 10, 456, 453.
3011011, 30110115, 3111011. 31110115,,31007
255 201204 2811290

......... Quam, of 00110100 3170011110,
.................... 0100015010, 362.
.............................. 51017, 0110 01, 352
.......... 101010, 232, 296.

.......... John. 255.

.......... 0010110, 110, 013, 001, 101, 05.
.......... 30501110, 231, 294.

 

