744

ward-cont.

.......... 31011016. 01 Ηο1011, 345.
.......... 11011011, 01 Βο10100, 250.
.......... Roga, 118.

.......... william, 574.

1901601100, Ηο1111.23.

19016011, John, 126.

1901610110, 6016010110, 1110011060, 50.
.......... william 60 111, 140.

99010, Stephon 60, 455.

......... ,131211051ιὲἓο 60, 393, 417, 446, 448. 458,

.......... 1911111110 0110, 8. 47. And 000 190110.

99010[ἰ1ἷ1711021110161],3250110101107. 109.111-

Qm,QwQſtrfflmmm
.......... 00110000060,

1901119701010, 19011011001000010016100
1016, 00. 01100101, 95.

.......... 1101011 000 01 143 234, 261,271.284.
.......... Bogor 0011 01, 176.

.......... 1101110001 1100001111, 254.

9901001, 19011001, 110011568, 602.

.......... John, 583.

.......... 11011111. 274.

.......... 11011011, 381.

.......... william, 505

19υο11οἔ1010,9901001103100,1’1100100 60, 450,

990110, 97010, 700010, 240.

......... John 00 John 60 10,89, 119, 121, 198.
...,...,, 1016 01. See 99001.

.......... Τ11001006010,246.

.......... 991111010Ιο 121.

1901100, 0011 01. See 11110 141011

.................... landa 11016 01, 389, 391, 392,
396, 398, 399. 400, 1012101405, 406,
408, 412, 416, 414, 415, 416, 417, 419,
421), ff} .425, 426, 427. 428. 430,

535. 539, 540, 542.
“ 550, 551, 552, 555, 559, 576, 578, 587,
591, 595, 596, 597.
1901100110190100101901100010, 190
51ζὲηὸοῶ ὅ11ῐ1)111ι1’016,60, 101. 463, 485,

.......... (1001110160, 449, 522, 614.
......... , 011100 11110 01, 522.

.......... John (10, 0011 01 Sutrey, 405. 410,
420. 435, 436, 439, 459, 513, 5111578,

.......... 1911110111 60, 435, 513.
1901100, 81011016, 01011110. 367.
99011101, 0000100001.100601101601, 17.

.......... 001101, 10060 11016 01, 101, 104, 374.
406 1011ωο011000

190111010110101379.
19011111, 81011016. 557.
9901100. See 1901111000.
Waryn. Su 9901111.

INDEX OF PERSONS.

Waryner. 8001901001.
970000110.19000110,19000110,990001101111.
ἔζθο0011011101019011011173.221260,

....,11100101 216. 281.

.......... william, 173, 221607. 308.
19000101, 19100101, 80161110, 174, 212.
.......... 1101011. 174, 212.
1900000110. 6009900110.
Wmhyn, 9711101100, Hugh, 271.
.......... 1911111110, 260, 267.

190001011016,1101011, 432.
970010, John, 562.
1900ωο000010, 11010160, 504.
9900100010. 190010001010110, 168, 211.

..., 11000001, 211.

= .......... william, 168, 211.

990101, Watyr, John 01, 557.

.......... Simon 0110, 489.-

.......... 971111010, 619. 620. And 100 Aqua.
1901016000. 81011016 de. 578.

190101100, 9901101100, 11101110.000,000.
.................... 01 0011011000306.
97010νὶ11, 11011011 do. 450.

990111ος100, 990ογ111100, Agnes 60, 451.
.......... J 0110 60, 508.

.......... 8011011 60, 399, 416. 454, 457. 506.
520, 540. 570.

.......... 9110100060, 398, 399, 508, 560.
.......... 9911111101 60. 508.
19010006. 11001160226. 307.
970110, John, 1110 elder. 73.
1901101100. See 9701011011.
9701100, 97011100, 3011110100οπ 60, 49.
,..., John 60. 446, 542.
....., Margaret de, 455.
9901 tyr. 8009711101.
Waunoy. See Wanoy.
19000. 9009001.
99011100. See 9701100.

,549, 970111. See Vuux.

990101. 0111101100, 48.
9701111001, 9700100001. See 90000001
Waylond. 600 99011006.

Waynsset, John 000 01 8101011000 01 Guy 60,
231, 259. 348.

.......... 97111100 de, 218, 234, 283.

190110, John, 44.
.......... 01 8011οο, 202. 208.

9700160, 70110 0110, 31.
.......... Simon 0110, 31.

9900000000. See 99001100οι01.
190600, 80101160. 123.
Wegge, fleury, 592.
9701101019111101060133.

1 9901100116.900990]1006
1 Welburn¹ 19111ὶο01, 248.

 

