742

9515115111, 9511511551,195115151, 9751151551,
4511151515, 159, 218.

.......... mmmmmmm
mmmmm

.................... 51 055151151155, 347, 353.

.......... John 10, 146, 149.

................... 51 9551111511, 943.

.......... 9155511110, 143, 234.

.......... Simon 15, 160.

.......... 1111155115, 146, 149, 235, 237 .

Vax. 9559551.

95515, 9551, 95110, 95115, 901110, 190115,
9511115, 951110, 90011155, 519.

.......... 1151111510, 993, 492.

......,.., 1151111, 601.

...... ...ὲὸἷὲ55 111, 437. 471, 494, 519, 544, 552,

.......... 9011511111, 519.
.......... 9155511115, 43.

.......... 9911115111 10, 552

9551. See 9515.

951155,901115, 95110, 95115. see 90515
95511551, 1901111111, olim 15, 152, 229, 291.
.......... 1911115111 15, 152, 228, 229, 290.
9555111, John, 5101151151, 262.

.......... 95551115, 199, 216.

951. See 9501.

9011151. 95591151.

.......... 1111511115, 239.

.......... Bono 110, 139, 215, 279.

.......... 955511 115, 101.

......... , 15555515 115, 100, 102109, 104.
.......... Thomu 110, 419.

9515, 12? 9551, 1951, 1155155 10, 992, 446,

·········
mmmmfflme
500, 561, 566, 567, 587, 588, 624.

......... , ........., 51 (11551 1151155, 626.

......,..,95511,264, 298.

.......,.,1.2.5. ....... 5511510115111,26,35,36,75,
.......... ὡωω555555
mmmm

.......... william 110, 999.

9511111, 911151, 1111, 91111, 91111, 995111,
050111 115, 410, 499. 525.

.......... 50115 51, 405, 517, 579, 637.

Philip 15, 417, 441, 530, 540.

.......... 91555111 110, 990.

.......... 95501115, 547, 600, 651.

.......... Thomas 15, 541, 544,

9015511, 110 9515511, (15511151, 497, 562.

.......... Margaret, 642.

.......... 91555111, 102, 120.

955011, 996, 997, 503.

.......... william, 509.

INDEX 0999990119.

95551, 0151501155 115, 156.

.......... John de, 434, 505.

........,, 9911111111 de, 428, 431, 498, 563.
9511110, John, 517, 547, 543.

.......... 91555111, 600, 601.

.......... Simon, 637, 651.

.......... 9911Ιί551 10, 420, 421, 547.

1901115. See 95010.

9155151, Hem-y 5115, 51 15511515015111, 245.
91115155, 971111551478.

91555111, 915115, 9111115511 (15, 36.
.......... 11515 115, 2, 36.

.......... 155515111096.

9155051, 91115551, 1551550, 447, 542,
.......... 1911111151, 431.

91151, 9011151, John, 298.

.......... 115551 (15, 151.

91110, 955511, 56.

91111, 911151, 91111. 9559511111.
9511955511, 208.

91550. See 91051115.

911511, John, 106.

91555111 de, 193.

91115551. 855 9155551.

91111. See 951151.

911155, Margaret, 49.

91155, 91151115, John 110. 9, 6, 29.

W

9955511, John, 160.

99551550. See 1951555155.

995551591111515115, 402, 461, 512; aad 555
9951555155.

19550, 9555, John, 499.

......... ὲῧὲηψ, 51 Tharnen, 391, 425, 489,

............. ¹ 5191515001, 950.
.......... 115511, 5191515151, 350.

19555111. See 1955551111.
thesbgnbm, 9955551555, eamd 115, 445,

.......... John 115, 492.

.......... 955511 de, 534, 535, 591.
19551, John, 52).

9911115515, william, 79.
1951151555, John, 268, 292.
.......... 9151511115, 138.

......... william 115, 290.
.................... 5119511555, 357-
995115, (15511151, 55511515, 625.
.......... 95501115, 504.

.......... william 15, 396.

9955011, 9951151115, 44.

19115111, 55111151, 402.

 

