INDEX OF PLACES. 805

2177171716 11677116] 21711177, 2177177, Iano„
2176617723316 0111611717],2717611117171ι,11767,
21711177. 8772176777.

17767, 26, 74.
2677637776. 81727177763766.
21161637662176763776, 17777717, 464.
2677177667217777777717, 11767, 17.

2771177 with 71711776, Trous, 2177177, Troux,

71717717, 429, 431, 477, 499, 663, 637.
Τι6]731ι.877271711177
216677, 71717777, 464.

277116, 277716, 2117766, 71111117, 374.
.......... 776177 77, 377

2777711767. 817217.7711711
271111 87. 17165, 326111117, ,,2711 Ιι167.,137.176,

Ι 271676777781121167677767

2716777. 8117211677.

271776. See 217776.
2767771766. 8772167776611.
2767177777. 877277671777177,
’176776877261176711112776776

2703170177 2638017012 2707847071) Thl'ffl· 2777113776. 777 2777163776 71111 2717163776

313317, Lino„ 159. 178, 220, 245, 297,

.......... 7711177 77321.
21776776. See 26767776.
2177163776, 1817271777163776.
2176763776 See ’1716163776

2761176776.2611767716,Ε777,11717717,331,1

426, 426, 486, 489, 656, 632.
.................... (1117777111 Η611“ 16 632,
................... Η71711711Η617, 632

.......... North, 11717717. 391, 425, 426, 480,

488, 489, 666, 632.
’.171117777271171111611767 18.
2111176776.811261111767ι76
26377,211ι7777,1171717777,98.

.......... 277777, 77667 77, 113.

26677 [16 1111777 76 3716711167, 181, 245.
26776763776.81711716163776,27116,
27617611. 817271617611.

2667771. S'ee 1111677611.

26677771, 11767, 14. 37.

.......... 26677717, 11717717, 471, 580.

2711777711, 2667717117, 11717717, 468, 484, 564,

27171777. See 263117.

261776 [16 871776]Ι 2767776, Iano„ 82, 89.
2671177717. 31121771777711.

26777716 44[16 17777 1116171377 27777776, 11767,

2677163777, 2771637717. 2717763776, 17717717,
389, 390, 463, 487, 666, 618.

211777777781721176777

2717776766, 2117776776, 71111111.,372.

.......... 771677 77, 377.

21117776 [16 1177111177]Ι 2117711776, 2711771776,
Iano„ 84, 88.

21117776 [16 7716371167 11767, 26.
21176717, 26767777, 1171777771, 162, 120.
21171717,Ι.11171171, 119, 122.
.................... 77617777, 113.

......... [16 67777771171777, Lino.. 188.
.......... 11777717, 711177 77, 619.
2117776766. 87127177767116.
277ιί1776, Su 21117776.

2167677761· St& 2160712116.

U

’67177776 81711667717776.

61716377238 0167623776, Lino.. 148, 166187.

617777 ν11317 01767 7711 ξ1133316117377ὼ26131117,
611211211ᾋ1172777ᾙ711] ’ ⁷

................... 771677 77 314.

......... (7 8711777711167, 130, 143153, 178
218, 234, 273, 282, 284. 297, 349.

.. ................. 7711177 77 322.

6777677, 01777677, xant, 16, 39.

6671771οᾶ37,1 [71271ῗὲ3777, 0111777177, 1171777771,

61671 Ι1Ζ7177686 [16 07777661, 6167716776,
no.. .

61777, 677777. 817 617777.
61176776, 117677, 00.

1171776777, 077771177711767, 14.
Uppelond, Kent, 2.

6777671177, 1687. 1171117677, 11767, 64.
6777171177. See 8611711777, Upper.
67776, 1171777771, 126.

Ι .......... Lino„ 187.
Ι .................... 776177 77,328.

.......... 71717717, 437, 471, 519, 579.

6711717, 71777717, 460.

6177. 877 1ι77.

6767776 [16 Pluton] 6167777611167, 82.

67777. 81707777.

6777777, 077177, Lino.. 182.

6777777, 11167.,163,172, 183, 226, 230, 243,
266, 266, 292, 306.

’ .......... 7767771 77, 318.
„ 67117717. See 06711711.
Ι 677111133377777633, 7777771733, 71111116,

Ι .......... 77677177, 378.

 

