11100101 11100110. ’

01101, 01101, Βυι101010011,30.
.......... 20111001 00, 3, 7, 30, 03.
......... ὲέο1000, 22, 24, 20, 29, 89, 40. 03.

··......., ......,.., 101. 20, 29.

.......... 1101101111, 20.

.......... 10000, 22.

......... ,6421010100 3, 0, 22, 24, 29, 39, 40, 03,

.................... 01 0101000, 24.

.......... 1711110101, 0, 22.

Crispo, 20111, 104.

crispin, 0113110, Crispini, John, 140, 102,
21021201299, 21.

.......... 2101011140.

........., 2011011230, 293, 434, 004.

........., 20101, 000, 000.

.......... 7711101,100,238.

0110100010οω,0010, 440.

01101100, 01111110, John, 141.

........., 20301, 200.

01011, John 00, 01 201100, 30.

.......... 21010100, 01 00110001

.......... 1010100400

.......... 2101110, 070.

.......... 17111ίο01199.

0101100, John, 01 101011, 200.

01011000, whom, 1111. 034.

0101100011. 0000101100.

0101, 201011, 106, 210.

0101101111, william 00, 374.

01011, 01011, 201011, 01 1010101100, 210, 300

0100111011, 0101011011, John 00, 143. 234.

.......... 111110, 1001 012110101011, 240, 014,
017, 020, 027, 0400, 001.

.......... 201 1, 101001100110101011, 010. 200,
ᾗ· ,293 299, 343, 000, 007, 089,

.......... 2101110 00, 10.
.......... 771111οι0, 101. 200, 274.

......... ww... 20130101, 11110 01, 01 01111,

010ος0111οφ. See (trungelthorp.
01011011, 2010001100, 400.

.......... 2101010 00, 409.

01001110 010000, 00 01100, 10010, 047.
........., John, 202, 433, 030. 000, 027.
.................... 11001001, 090. 020.
.................... 110 younger, 090.

010011011, 21010100 00, 400.
.......... 7111110000, 407, 433, 404.
0100010, 0101101010111, 70.
.................... 01 20110100100, 01.
.......... 7711111110,70.

010100, 1010, 0111101111, 200.
0100000, 201011, 0100111, 192.
01000. Su 01010.

01001100, 0000101100.
cmxby. 1100010111.

01010110. See 0101011.
010110, 01000, 010110011001393. .

ι .........,17010,323,000.

........., 20111, 637.

.........‚ 201011, 400, 017, 009.

.......... william, 053.

01010110102100110, 0.

0101110011, 010111000, 01010000, 01011000,
0101111100, 00. Lino„ 01101 01, 114,
110, 120, 102, 170, 193, 213, 240, 202,
298, 924, 309, 370.

010111, 01011111, 1001011 00, 141, 217.

.......... 2030100, 130, 100, 214.

.......... william 110, 141, 101, 217, 219, 220.
233, 200, 290, 299.

0101100 [00.1001000101], 1110101, 110, 200.

0101100, 0001101, 0111111111, 200, 303.

John, 281.

0101111100, 01010000. 0010101110.

01000, 00. See 0100.

01100 20000, 00, 0102010100.

01011. See eroli.

0100111011. 300 0100111011.

011010111οῳ, 0100101101), william 00, 424,
457, 401, 030, 001, 002. ,

010101. 8100011101.

0110010, 1010 01, 029.

01101. See criel.

01101100 See 01101100.

01101100000, John, 012010001111,11011, 348.

01101010, william 00, 437.

00010, Adam, 040.

00101011, 1111101100, 09.

....., 1010001, 09.

01111101, 2101010, 70.

00110111. 300001010101.

01111, Hugh 00, 99.

.........,20101, 120.

0111010. 300 Combe.

0010101100, 101001 Leo, 300.

00011110111, 001010110111, ’11011100 00,
101. 207, 208, 271, 204, 291, 303, 300.

.................... 0130010111, 101. 344, 347,
349 300 300

01001101, 1101001011.

011001, 1010, 21.

.........,Ιο0101, 11110 01 Potor, 23.

.......... 1711111111,03,09.

camvill, 21010100 00, 407.

0001110110, 000000010110.

Capeto. Seecouper.

01110100. 0000111001.

00111, 5(1ᾶ1ὗ1110, 2101010, 392, 421, 490, 043,

001101, 0111101, 1010419, 000.
.................... 101. 399.

.......... 2011101110, 402.

·········· Roget, 4⁶2·

001000. See 001100.

00110101, 2101010. 01 0011011011, 07.

 

