692

06161161116616686.

Gerunda. 06166666, Hugh 66, 85, 69, 46.
.......... John 66, 16.

0611161. See 16116611.

0611666, 0611666, 0616666, 11661644.
.......... 16116, 592.

.......... 1116111111, 561.

.......... 11611611, 410, 489, 525, 566.
.......... 1711Ιί161,44.

0616, 1161611, 585.

Gorya, John, 40.

06666. 06666, 016666, 011666, Alexander.

‚ 16116, 496, 654.

.......... Stephon, 426, 492, 654.
........,771111661,492,654.

06616, 116616. 5.

066166, Ε616666 66, 522.

.......... 1161161 66, 409, 524, 618.
.......... Hugh de, 409, 524.

.......... J 6116 66, 522, 524, 588.
.......... 1116116166571.

.......... 1165611, 581.

.......... Stephon de, 409.

10111166 66, 409.

0161601616. 01561616. 8601611616.
0111616, 0611616816666111116 61 John, 44,

.......... Hugh, 162, 209.

.......... william, 66.

01111611, 01111616, 116611, 690, 425.
......... John, 891.

00661616, 061661616,01166116166, 061661616,
0611666166, 1166116, 61 1161166666. 72

.......... 061616, 476.

.......... 11661666, 25, 696, 492, 557.

0066616666, Roget 66, 467.

0066661616, Roget, 440.

0116666166. See 011661616.

0116166, heim 61, 128, 194.

01111616, 16116 66, 449.

0111611166, 8660161666.

0111166566, 0606661166, 0116661616, 011166-
1166166616 6, 8.

.......... Hugh 66, 46.

.......... 1161161166, 696, 506.
.......... 11666166, 696.

.......... 1116161166, 20, 46.
.......... william, 61 86166156, 258.
0111666, 1116166666, 668.

0111666, Adam, 59.

0116666661 860101666116.
01666, 06666, John 6116, 498, 568.
01601616, 0116111616, 1416111661 66, 261.
.......... John, 295.

01616, 1161611 66, 468.

0166611166, william 66, 478.

INDEX OF PERSONS.

mmmm? {1¹ nffiffiffifibm'

,John, 647.

.......... 1161161166, 284, 266, 264. -
........., 81616666, 261, 275.

......... ἐϋ, 61 111616 jum Wtynflet,

. ........ 1166111116, 111.
0111166116, walter 66, 482.
016166631Ξ11ὴῇὲυυᾱ, Margaret, 6116611116666,

016666. See 0611666.

Giuing, 46661 66, 161. 694.

......... Agnes 66, 894, 495.

......... 1161161166, 477, 478. 495.

.......... William 66, 519, 586.

0116116. 81606666.

0166, 01666, non 61. See 1111101116.

01666, 016661. 8660161.

0166111166, 1611666, 544.

0166666161, 0166666116, 016116661τί6, 1116111116
66, 874, 876, 888.

......... ,2116111161 66, 161, 162, 168, 208. 209,

0166666161, 66661666 61, 1666111616 61, 458,
462, 551, 667. And 666 11166111611661.

..... ...carl 61. See Audley, 01116 aad
116611166661.

,,,,,,,,,,,,,,,,,,,, 1166611616 61, 7, 8, 10, 11,
16, 18, 19, 21. 22, 62, 42, 48, 44, 45,
46, 47. 680, 698. 699, 400, 401-408,
405, 406, 418, 414, 415, 416, 419, 420,
421, 428, 426, 428, 481,468, 484, 441,
442. 447, 452, 456, 462, 492. 496, 498,
502, 507, 509, 510, 511, 519, 520, 521,
580, 581586. 587, 566, 540, 546, 548,
551, 566, 565, 576, 579, 581. 584, 588,
592, 598, 594, 595, 600.

1161661666, 6616 61. 70, 92, 125.

016161, william, 61 Baton, yeoman, 643.

0161, 01666, 016661, 01661, John, 652.

.......... 1116661616, 415, 588.

.......... 11611611, 600.

.......... william, 538, 594.

0166166, 166661, 261.

.......... william, 267. ¹

065666, 065661, John 61 John 66, 129, 162,
ἐξ 165, 174, 195, 209, 212, 221, 222,

06661660666166, 06616166866666, 13, 83,
......... 166161, 86.

.......... Rogat, 562.

........ ., william 166 61 Thomu, 524.
066616. 8606666616.

066616. 0666166, fleury, 74.
John,258, 265, 266.
.................... 161358.

.......... 1165611,571,580.
06666116, walter, 501.

0666166. See 066116.

066661616, 11611611 66, 211.
0666111666, william 66, 85.

 

