778 ·

105005ἓῖ1 [101010550001 1001100500, 110111
0050100000, 000, 000, 000, 000,

............. ...,,,050005 01, 686.

......... [10 111000] 1101ος100, 1010οψ0,
111101001οο. 11001011, 496 407, 415,
449, 561, 576, 581, 616.

1010100015 800101000015.
Ιί10010041οὦωὲ515100005001, 11001011, 689, 466,

100000. 800100ιο000.
100050005100050005,1000500050.11001,16,

1000101001, 14.
1100001050. 8001010050,

J

,10150ιο 11011 10 5000100500, 11001011, 586.
1000105000, 800 1005000105.

Κ

105000. 8000050000.

1100000110. 800 (10000101.
100101001001100. 800 0001100.
1001011001100 800 (1001100, 000110.
100100150000. 800 (1010150100.

11000150 [10 ,41150001 1010505100, 185.

1001, Eut 00ιά 17001, 1101001010, 1700100105,
Lino.. 181, 648, 659.

.......... 05000500 01, 664
110000000[10111000], 11000οο00, 11001, 64.
1055000000) [10 81. 60010 Gran, 11001, 50.

1011100100, 106100100.11011000100,10100000
ffi g135ff..171178,‚‚226236 645,

.......... 050005 01, 619.
Κ0001000·
m, m m 1 Ι 1 1

.......... 05000501, 918, 614.

10000015, 1οῳ00015, 1001000100, 1114, 161).
.......... 0110005 01, 115. ⁸
Kmbyhssffffiaenllbsssmy' 100050,
10150, 1101110100,ἑᾶ00, 1611147, 1891966416

101050. 800411150;100150.

10501οο0 800 1110150000.

10180101 [10 000100110110101055100, 185.
mmmm-mh. saltonemrgh.

INDEX OF PLAOES.

11011050. 80010150.
1011000005 [10 11015000],1101001οι000005,

101100008001101000.

1101101 1101500 [10 Βο11οο 10 8001101 11011110-
101101, huo. .. 96.

0,ιιιι,,7οο0οἑιὲι,ἓιο,4οο, 400, 511,512.572‚

1101000,1 10110000, North 01ιά 80015. Lino..
ἐξ, 194885, ἑξ, ἐξ, 646, 669, 616, 646

.......... 05000500 01 816. 616, 666.

10101000,10010000, 10101000 Line.. 178, 646.
665, 856, 668.

.......... 050005 01, 818.

1010005050. 8001111100501100.
110100000οῐ5 110500, -80011100015, North.
1100100100. Δ800 10100100.

1100000109ιέΙ 1ἑ3015000100, 11001011. 417, 454, 541,

.......... 000105 01, 610.
1100101001, 10000100, 11101010, 376.
1100101010, 11010001ος, 11001, 9, 19, 51.

1100001100ωο,1100500600100, 111000011οο,
1100001130010011000610010010016,

10001000500010. summonte.

1005001001οο 8001100006100100.

100100. 8001100οο0.

1001100015. 800 11100015. <

,,,,..... 110500. 8001500015140015.

110010050οι [iu Mulbnrton], Kyningham‚
11001011, 474,

1000100505, 1000005010, 11001011, 457,
1000100100, 10000100, 1001, 16.

¹ 10001001001116110.. 674.

.......... 050005 01, 677.

1100110511οη, 100100050100, 5116010, 674.
1000005010. 80010001005011.

1100001001, 8001000100 01ιά 1000100100,
100000 [10 1110101011 1100100, Im„ 81, 91,
11005001, 800 1100500010

10050. 800 1ιο50 1100100

1000110100, 1000100100, 11001011, 414, 466 537
596, 596, 641, 1.646

100050. 8001015051011000

1001050. 8011105οΒ0500.

10000001. 80011101οο01 1011100.
1000010001. 800 1100010015.

10000000. 80010000000.

1100000100. 8001110011οψ0.

1000050. 80010050,

10000110. 8001000101.

100100. 800100100.

110010ιο0. 8001051000.

1100100, 1100100. 11001, 50.

10000101, 11001011, 446, 476, 566, 589, 566,
......... [50 Βο0100], 10000110, 11001011, 468,
1101050010. 800 1111500010.

1101050. 8001100150.

1010150005. 80010111050005.

 

