880

081888188,8888888,11. =
.......... 8188588 88, 8145, 89. ⁴

.......... william 88, 45.
0818, 81858111 (18, 189.
08188188, John, 578.

08188, 88811188 818, 49.

.......... Hugh 811, 49.

081818, 81188818, 440, 529, 588.

08188, 0881118188, 871. ·
.......... 1888 11118 81 8185818, 288, 298.
.......... John 88, 158Ι 288.

........., 81 81888, 49.

.......... 88181188, 99.

.......... 8185818 88, 288.

.......... 1588188270, 281.

0815818 [18 11881581, 8888888188, 1111888188,
8888818188, 08188, 081881, 88. Lino..
8188181· 81, 151, 288, 289.

·········

0811881188. 0818835818, 8818881818, 1818 81.
8111181888, 8818118888.

.........,8888188,157,281.

.......... 818858888, 488.

.......... Thomu 88, 519, 544.

081818. 8110815818.

081881, 0811181, 1858, 81 0151151, 284.

.......... whom, 81 0818851181, 284.

08188, John 88, 147.

.......... 1111188839.

08111, 118818, 180.

081188, - 88, 408.

Cotum. 8110818111.

081811 8110815881.

0811885881. 8110811885881.

0888, 08118. Evado, 458.

.......... John 88, 458, 478, 479, 587.
8888110818. ’

08111858. 8110881118.

0888885818. 811088818518.

0811881888, John 88, 90.

0811881, 08881, 0118818, 111158188524,

.......... william, 572.

......Ἦδ ........ 81811185 18 158 188185, 258,

courcy, 0811181, 8811811, 280.

.......... 9711581818, 153, 280.

08811, 0811118, 11188811. 248.

.......... John 88, 88.

0811158188, 18118118. 290.

0818, John 81 John 88, 128, 198.
And 811 08118.

08188118, John 88, m, 258, 801.

.......... 8185818, 888.

.......... 88581188, 185, m

.......... walter 88, 148.

08881828881781111811 prior 81, 102, 104,

08118. 81108118.
0811188, 885811, 81 88185 1814811888, 851.

INDEX OF PERSONS.

0811818,88181811,118181818, 88. 11811811,
81181· 81, 408, 457, 480, 481, 482, 465.
518, 577, 588. 885, 888.

018181888, 8811811 88, 488.

0188811118, John 88, 40.

.......... lady 81, 25.

018118, John. 592.

.......... 8185818, 582.

0188811181, Adam 88, 80.

.......... Aliunde. 28.

.......... william 88, 28.

0188811811, 14888188, 194, 202.

.......... 11188 88, 180.

.......... william de, 128, 194, 888.

018818, 01881, 01881, 88. 11811811. 85581 81.
8188, 405, 480, 474, 518, 579, 801, 887.

01888. 8110181181. ·

Greek. 8110111818.

01811. 88101885

01888888, 0188188, 81188888, 889, 482, 486,

0188. 8110188.

018881. 811 018888.

0188118118, John, 284.

0188818588. 818 018888885881.

018888, 018888, 0188 . 01881, crasi, Alam.
88188, 154, 155, 205.

.......... 1181818 88, 174228.

........, Hugh, 238271. 287, 291847.

........., ........., 81 11811888, 859.

.......... 81858188. 288, 289, 289.

.......... 8811811, 81888181, 259, 885.

1 88. 180. 188, 174, 229, 281,

259, 72, 275292, 294, 848.

stophen 88, 418.Ι

.......... 8111188258. ¹

.................... 81811818, 278.

0181188885888,6 emmim, cmuighm, Amin
8

.......... 01881881 88, 418, 545.
.......... John 88, 458.
.......... Thomu 118, 544.
01888. See cruny.
Greuynghum. 811 0188188588.
0188181, 01811881, 0181181181, 01811881, 0188.
4188448868, 22, ⁶ , 24, 80, 81, 84, 36,
........., John, 174, 228, 809.
........., 885811, 50, 52, 54.
.......... 81818888, 127, 174, 228
0181, Simon 88, 41180.
.......... william 88, 50.
01881. Su 011818.
01811, 0181, 88811188 88, 852.
.......... hein 81, 448, 444.
Hom 8ο, 590.
.......... 188188 81, 420, 547, 800·
.......... John, 578.

0188188, 8185818118. 138

 

