734

Spalding, 8 ldyffig¹ 00111110. 00100 01. 147,

159, 3,
369, 376.

, 317, 324Ἰ 25, 329, 331.
8001610000, Hugh 60, 371.

800000, 61110000 60, 256.

.......... 8600001060, 197.

.......... 5000, 336.

800000, 1000100, 647.

80000010, 80000001, Adam 60, 415, 466, 538.
.......... 50011 60, 536, 538.

.......... william 60, 593, 642.

800010, 800011, 5 000, 592.

.......... 1001000, 562, 565.

8000110, 5000, 498.

80000οὲ0000, 8000000, 1101000100, 01 1100110,

.......... Peter, 01 00010000, 264.
.......... 1000100 60, 46.

8001100, 5000, 599.

8000000. 800 8000000.

8000601010, Hugh, 396, 425.

.......... 5000, 468.

8000000, 80011000, 5000, 256.

Philip, 69, 216, 243, 286,

.......... 1000100, 0180010000100, 353.

80000001. 800 80000001.

80100, 80100, 494, 496.

801000, 800000, 8000110, 41100, 01110100, 62.
....,...,, 5000, 78, 492.

.................... “οο0000,”666.

801110000, 800110000, Simon, 276, 281.

8011111, 8100006, 01 10660000οω, 2345

Spitlyng, John, 565, 586.

8000, 5000, 638, 641.

800010, 61001001, 529.

.....,..., 5000, 587.

80006000, 800011000, 800001, 221, 366.

811 ,8 ,80 ,1101100000 483,
P &offipffivbae ¹²38!

.......... 1001000, 474. 475.

spring. John, 419, 546.

80010001, 5000, 21.

800100011, 5000, 513.

80006000. 8008001110ος.

8000110100, 8000110010οο, 80001100, 800010100,
811ςο60, 463, 453, 473, 576.

...,....., 5000 60, 168, 212.

.......... 80010016 60, 463, 467, 419, 522, 578.

800110ςο, 8000030. 800 8001300.

800001. 800 801000.

800101110, 500060, 526.

.......... 80100 60, 446.

800110000. 800 8011100110.

8000110. 800 80100.

8011000, 5000, 252.

8108006 [Δο00], 0011111000 01 . 666, 633.

......... [mmmm. 000101, 252.

..... , ....,11111000000, 000101, 554.

.......... william, 000101, 615, 617. 618.

stafford, prior 01 81. 1000100 00, 91.

INDEX OF PERSONS.

' 81011006, 501000, 126.

810106016, 810001016, 0011100. 00100000 01,
263. 293, 814.

81010010, 1110οο100 60. 566, 564.
.....,..., 8100006 60, 621.
........ {guum 60, 397, 398, 435, 566. 568,

81011110. 80100, 531.

8101111016, 8111001006, 00. Lino. 0010001 81.
10000060 without, 328.

810101006, 8101101006. 5000 60, 88.

.......... 1001110060, 146, 262.

.......... william, 01 Κ110010, 264.

8100610000, Hem-y 60, 85.

810000, 8100006, 377.

81000000, 8100006, 264,

.................... 0180010100, 358.

81000010. 8111000110, 81000010, 111οο0100 60,
446, 523588.

.......... 80100, 565.

8100100, 5000 60, 1101. 92, 94, 95.

8111010110, 5000, 124.

81000006, 5000, 554.

8100100110, 800001, 01 1100000100, 342.

8100111101. 800 8100011010.

810000ςο010, 810100, 599.

⁶ 8111011100, 8100011000, 810001100, Briau 60,

01. 561. 567.
. ......... 8611006, 586.
.......... 5000, 166, 262. 274.
.................... 01 Υο011, 346.
.......... 161100 60, 1111. 626, 645.
81001003, 5000, 635.
81010001, 5000, 164.
810001006. 800 810101006.
81000100, 6006000110, 168, 212.
.......... 1000100 60, 476.
.......... william 110, 168, 212.
81011000, 11010000, 213.
810100, 8100006, 226.
...,..., 80000, 172, 226, 366.
.......... 1001000, 175.
810011, 5000, 01 8100011006, 252.
81000, 810000, 80000160, 143, 152, 228, 234.
......... fflifflgm 1100010, 143, 223, 234, 257,

8111001016. 800 8111106016.

81060, 8100006, 596.

810100810100, 01 1106000000000, 00010011, 71 .
8100000, 1110001110 000 01, 515, 517.
8100000, 8111001000, 80110060, 136, 175.
.......... 1111111101 60, 376.

8100οε000010, william, 256.

8101017000, 599.

81000100 (sic), See 8100100 and 10000100.
81010010. See 81110100.

81010600, 8101101100, Alexander, 61.
.......... william, 01 800100, 72.

810100, 5 0011, 374.

81010001, 1511111110, 259.

 

