⁸ 1101101 1111010.

1101111111. 9101001111.

1111111011[01]. 611110110011[1].

1111111, 111100, 163.

.......... 60111101, 136.

.......... 1101011, 01 6111110111, 269.

1111011111, do 110110 01111111111111111.
1101011011, 11001111101, 11011110, 692,
110111111111141101011, 547,
551, 557, 600, 606, 650.

.......... 1011101, 466, 443, 444, 626.

.......... 1111111110, 654.

....-..,Τ1011111, 654.

.......... 9711101111 do, 41, 42, 47, 46.

.......... warino, 131.

......... ὲὸἵίἓέιέω, 1, 2, 7, 6, 416, 442, 545,

......-, ..¹ ...... ., 01 11111111101101, 694.
Mundo, 9911111111, 270, 277.

1111601605111, 1101161016, Adam 61, 427, 493,

......... mmmmffi
.......... 1011 (10, 554, 619.

......... ,5111111 de. 426, 427, 492, 496, 556,

.......... fflmwmfflffim
mm

.......... 1101011111, 501, 565.

.......... william (10, 426.

1111611110. See 1111601111.

1111111111, Stephon 110, 431.

11111111, 11111111, 606.

111111111011, 11111111011100111110111, 1101-
111611οὲἒό 0111111111 110, 411, 440, 452,

,ψη-511611151ἐο, 404, 411, 440, 476, 516, 526,

11111111. 91111111111.

1111110111. See 1101110101.

11111111. See 11011111.

11111111, 1111016, 2.

.. ......, ,11110012

11111101. 6111101101.

1111111111, John, 01 1111111110, 648.

1111101, william, 563.

1101101601. 9111110111.

11111111, Μιὲῗέ, 11111111, 111111, 01 Γ111111-
1011, .

....., Simon, 266, 290.

.......... Thomas, 149, 237.
1111110111. 611111110111.

111111. 1911110101.

1111111111. 61111011101.
11101111. See 1111011011.
111011111010,.1011, 01 611101, 79.
1111101101. 611Μ11101101.
1111110111. 611111110111.
1111οΙ10111. SeeMikelbergh.
111101. 911111111.

1111001, 1111101. 6111111101.
1111101. 611Μ11101.

1111611, william, of 61111010, 656.
Myanda. 6111111111611.

715

Ν

1111110111. 6111111010.
Nuptan, Adam (11, 100.
1111111111. 9110111111.

11110111191111161101. 11111016, Agatha
0, , .

-...-, 111100 110, 490, 511.

.......... 6111111111, 446.

.......... 9111101111, 542.

.......... 1ο1ι111,491,116.

......... 1111111161, 633.

,.., 1111101111, 392, 401, 411, 412, 429,
446, 456, 456, 461, 462, 476, 477, 490,
499, 510, 527, 542, 557, 572.

..,-..., 91101111, 400, 510.

, 1101111116 de, 510.

.....,-,11101111 110, 692, 497, 566, 509. 511,

537, 542, 555, 573, 596, 616, 642.

.......... Walter 110, 510.

.......... william 60, 400, 401, 406, 414, 509,

510, 515, 576, 669.

11111111, Chri-tiana, 444.

.......... (1111011, 650.

........, 110111, 517.

.................... 01 6111111111, 406.

.......... 1111101110, 515.

.......... 1111111, 01 Pagrae, 446.

.......... 1101101515.

.......... 11111141.

Neosfeld. 611 11111116.

11010101, 111101, 646.

.......... John do, 478, 643.

---, 1111111110111, 495.

.......... 11111111 de, 456.

Nol. 1111111.

Nono. ggohnssbomr 01 111111111111 Collega,

Nerburgbglsrbuffih, Narburght, 90101 110, 541,

......... ,6311111111 de, 446, 456, 541, 566, 596,
10101011, 11011011. See 11111016.

Ι Nes, 1101111397.

.......... 61101505, 506.

11011016, 1111111111, william, 267, 279, 306.

Nost, Willinm 10101, 399.

1011111111, 1101011 110, 411.

1101101, ι11111οἲ1111131’1111151131111101 [00. 1111111
1 0, , , .

1011111211, 1511111111, John, 01 1111111011,

1101111111, 1111101111, 6111101011111, 506.

........., 11111111, 699, 598.

110110 [in Bmowb ], 11011010, 1110101, 144,
1471002116, 206, 666.

 

