766 INDEX OF PERSONS.

610110140766130011010, 6010101111, John ὼ, J 60016001, man 60, 446.

mua, 629.

.......... 1106011, 412, 629.
........, 110101, 498, 499, 664.
6101100, 1100101010 60, 29.
.......... John 60, 29.

00000, 00000, noum 0, 000. 014.

.......... william. 669.

Ι .......... 106000, 22, 61.

· . ......... 1711110060, 440.

i 6001116. 600 6001016.

Ι 60010111, John 60, 26, 66.

i .......... 1106011 60, 66.
.......... 1111110000, 26, 440.

1 60010011011660, 1672

; 61100, John, 660.

60001006, Simon 60, 676, 662.

0010000, 01000000, 110. Ana 00 ῑ swam, 0010100014,

6111110016
61101, 60011100, 262. 266.
6110100. 110116 60, 466.
61101060, John 60, 69.
6110016. 6006110016.
611001600000, 7711110111, 606.
60060. 6002000110.

’ 000010000011000407.

. .......... John 60, 76, 416, 465.
6001100106. See 1701101060.

“ 6001061,1106011 60, 126.

¹ 6110161010, 11601006, 632.

1 .......... Thomas 60, 469.
.......... 1711110111 (10460461.

1 6001, John, 661.

6011011, 001101, 10060 6016 01, 461466. 602, 1 601010, 60010, John, 71, 662.
622, 014, 629, 641660. And 000 Polo, Ι ,,,,,,,,,, Thomuw.

6010001106ιέ6 26111000110006, 00. Lim. 06601 01,

dela
60166010. 600 6600166010.
suumn, Adam, 110.
601100, 100000, 460.
Sumere. 6006010011.
6011011,6011010. See 6011011.

601101, 0011 01, Sec 6110 11100 and 1711110000.

601010, Roget 10, 460.

60160010, 600 6001611010.
60160110, william 60. 406.
6016010010, Thomu 60, 6.
6016111010. See 6001610010.
601600. See 60616000.

60160060, 11106016 60, 419.

.......... william 60, 419.

6016111. 6006016111.

60110161, oo. Lino. 0601110111 01, 269,
.......... 6010161, John 60, 166, 261.
.......... Roget 60, 156, 261.
.......... 6600111060, 261294.
.......... william, 261.

601100, 6610006, 66.

........., 110010, 266, 266, ³⁰0, 606.
.................... 0111100010, 666, 669.
.......... John 60, 194, 277, 660.
.................... 0100100, 264.
..., Ι11600100, 262, 606, 676.
.................... 011111100, 641.
.......... 1711110οι 60, 164, 416, 640.
.................... 01 1101600100, 71.
60061, 111061, John 60, 222, 601.
........., 106101, 266, 601.

.......... Simon 60, 167, 169, 166, 222.
.......... william 60, 166.

6001016, 60 6110616, 20100192.
.......... 11106016192, 196.

.......... william 00110, 101.
60001161701101, 440, 666.
6011101100, Adam do, 140.
.......... Roget, 246.
6111116010, 1111006016, 261.
.......... Thomu, 101. 201.
6010006006. ’600 6010006006.
60101016, 6010101161011000, 199.
ζ .......... 10100000, 203, 269, 277.
, .......... Thomu, 01 6011116010, 1111. 660.
, ......,.., ......,,101264
1 .................... 0601111, 242.

Ι ambove, 11106016, 01 9700110110, 101.
f 61611. 600 61611.

J 616001, 60011101, 266, 606.

, 010000001000100000.

[ 611161, Thomu 60, 126.

. 611100, Γ16011100,0101611000, 661.

1 6110011001, 1000 011001 nobem. 01 1416101100
1 1000100, 60.

61011100006601000, 01 66011), 247, 668, 669
f 61101000, 6060,01(10161,106.
1 61010006. 600 6101006.

6110111016οω. 600 6001111086οω.

, 6101101οο 600 6101101011
, syon, 00. 1111661. 066000 01, 662.
· ........., 6000, 066000 01, 92.
1 611, 6110. 6111. 6006110.
1 61001661, 17111100, 666, 619.

1 61010. 600 61161110.

 

