INDEX OF PERSONS.

1115151515515,11151555515.8551515151551151

111515. See 11111513

111535105, 115351, 411.

Ι1153,113153,11553,1105550 05, 448, 455.
543, 545, 598.

...,,Βο5511 ht. 822.

111353155, 115135 05, 494, 559.
11553. See 11153.
1555, 11155510 05, 89.
153510, 1533510, 115351, 409, 430, 595.
Ι535105515513,

8511111555
.......... 1015550 115455.
.......... 1515515559.
.......... John de, 400, 515, 040.
.................... 151. 013.

Ιῆο]05115513,15351015513,·

.......... ’155555 05, 401403, 407, 410, 439,

440, 449, 450, 451, 510, 515, 591, 595,
590, 571. 570, 581, 585,
And 5551531515513.
1535, william, 17.
1535153,1535153, 11551115οο5, 131.
.......... 115135 05, 193.
......... 1155111311 05, 198.
.......... 1111115505, 130.
.................... 51 1133153, 350.

15351555. 8oe 1531555.
153551510, 35315510, 051.
1535515513. 8515315515513.
1533510. 8551535111.
1533515115. 0551531555.

1533155. See 153155.
153555,55,11511511, 3115151, 507, 508, 09)

153555, 1111155515 (15, 395, 434, 490. 505,
.......... 15555105, 498.

.......... John 05, 434, 409, 505, 045.
.......... 011151 (15, 403, 407, 409, 505.
.................... 1111. 090.

........, 51513, 409.

.......... 1155511 05, 505.

.......... Thomu, 950, 589.

531513ῗὲ3,ἐέ13535135,15313115513, William,

450 5551535105515513.
1531555, 15351555, 153351555, Amy, 509.
.......ὲδΗθοιὲἕᾰ 151ιῆ13 {33⁹ ί3553, 505, 509, 578,
.......... John 05, 410, 439, 433, 501, 599.
15313515513. See 1535515513.
1535153. 8551535153.
153510515933, ἕξο105553, Roget 05139, 155,

15351οἶ15513, 1535ὶο15513. See 15351055·
153155, 1533155, 1555, 934.

.......... Thomu 555 51, 130, 979.

.......... 11111155059.

......... Ξ34555551 91515353555, 55. 1511,

151535115, 151111, 08.
.......... 81555, 08.

709

155151ἓό551, 1115150515, 1115151555515, 10505,

.......... 15555 05, 409, 479.

.......... Thomas, 504, 574, 034.

151550, 11555 05 451.
1551505355111515.

15155505, John 05, 494, 400.

.......... 85551105. 597.

131511,ῧῦ351511, 11151511, ,4155 (15, 103, 941,

John, 511535105511, 950.
1153,Μ513515105, 101, 990.
11515110, 5515115151. See 115115315555105.
1151550, 111550, Thomas, 59.
.......... william 05, 94.
111510, 11111510, 11155510 05, 919, 998.
., 1155511οο, 100, 919.
1153531550, 14355505, 548.
.......... (15511153 05, 485.
......... John 05, 404, 400.
.................... 51511, 000.
.......... 115135 05, 401, 480.
.......... william, 059.

1151550, 1151505, 55. 11511511, Β51155155511,
15515151, 405.

1135351155511, 579.
15551, ἔ151935162133581,73555, 51 Ρ51111155555155,

15555115, queen 51 11531550, 155115 5510 51, 934,
957, 984, 491 1549,

1551. 35515551.

115, 115, Η5555, 535.

.......... Η5513, 535.

.......... 115351, 5155111151, 510, 595.

115151155511, 118, 190,

11151053, 15511, 5111551155, 353.

1

15555, walter, 98.

111155, 115513, 511151155. 959.

15555, 15555 555 51, 439.

.......... 1115115155, 570.

.......... Thomu, 580

.......... william. 015.

1515551155,1911115551015153, 350.
1111351115,- -,590.

.......... 11535105, 440.

15551311, John, 105.

155551. 85505155.

155155,1555, 155 51051, 579.
.......... Peter, 033.

15155135. 15151333. See (15155135.

1515555. 8551151555.

 

