INDEX OF PLAOES.

81081033 6ἑ110110100, Line.¹ 183, 814, 849, 381, ¹

.......... 010101 01, 318.

8101011000, 810100. 800 8100001101.
8010010131. 8008001008010031.
810100. 80080000101.

81001010. 8008100103.

8100000110. 800 8100000101.
8100101100, 81001100 (sic). 11011011. 477.
81003100, 11011011, 890, 483, 488, 818.
......... [1010110031 11100.. 187.

’ 810000010181000000110, 8100000110, 11011011.

411, 440, 482, 828, 888.

8100000100. 800 81000100.

8100010100, 8100100100, 11011011, 414. 486.
837. 803, 018.

81001100 [10 Ηοο31·011·110-8111], 8100001011,
Lino.. 130, 191, 198.

11011011. 800 8101001100.

......... [Ρο100]Ι 11011011, 488.

“³³²⁴ 1118111113Θὲπὸ 683001 8110000083, Lino„ 187,

81000109ιὲ 8100000100, 8100001011, 1101000101,

.......... 1101000101, 01010101, 118.

.......... 8100000100, 8111000100, Lino„ 144,
190, 200, 281,388.

8100100100. 800 8100810100.

8101111013). 800 8011110130.

810013031100. 800 81001103110130.

810000380131. 80080001010031.

· J 8101101810110010110, 11001, 19, 47.
81011101 ,8101011381011181,810111113,11100,

1 , 178, 188, 247. 211, 278, 388.

· .......... 010101 01, 328, 829.

8100000113. 8008100083. 1

81000000110. 8008100000111.

8100000100. 8008100100.

800000001111100, 149, 184, 188, 101000.

8101000100. 800 81001100.

8100001011. 800 81010100.

81000010310131. 800810008010031.

81030083. 8008100013.

8103800100. 800 8108001011.

8103001018. 8008100110111.

. namn, 01011111, 1111.,100,115,110, ¹
2018288272, 808840, 840881.

.......... 01010101, 320.

8100100. 80081011001001; 81101010;81183-

ham.
8100110100. 8008110100.

1 81001100, 11011011, 488.

8108301, 8101103010, 11001, 14.
810011οο, 8100οο, 1101000101, 120.
-“ 11,;“1ῗ“1”1.1111;.

’ . 810330. 8008111130.

8101311001[10801100],Β11110010,8111100(10,
' Lama„ 82, 91.

⁸ . 10001103, 8100010010, 11001, 18, 48.
1001111. 800 8111111111.

81000010. 800 81000011.
8101111081313.Ι 8103111018, 8103001018, 11111181,

.......... 0103101 01, 377.

8100110313, 1101000101, 118.

81000011, 81000010, 11001, 12.
Bmfflffl'ssm’ 11011011, 888, «m,

8100303δο131. 8008100010100311.

8100303. 80081001103.

8101100100. 800 8101100100.

8101101100 [1001001011], Iano.. 88

8101100100, 8101100100, 8100100 (0101,
8011011, 483, 424, 487, 881, 808, 841.

81011008101. 80081001011001.

8103800100. 800 8100100100.

8103010111. 800 8100110111. ’

8103111011. 800 81031011.

81101010. 8008110100.

811830, 810330, 11001, 10.

811131ἓέ12, 81131010, 8100100, 8011011, 481.

81130010, 8113300100. 800 81131103.

81131010. 800 8118311110.

80301οω83000, 81130010,11100.,184, 183.
, 281, 284, 299.

.......... 01010101, 318, 318.

8110310101, 8130311101, 1101000101, 122.

.......... 01010101, 111.

81111103. 800 81301113.

811010 ham, 8110010100, 8111 1131010,
011011, 402, 481, 812, 874, .

8111111111, 8110101. 81301011, 81301111,

81 010, 813 10. 81001111, Line..

ἐξὲξ 188 8οἘ ,

8110011131οω. See 8110103100.

8110100, 11011011, 481.

8110303100. 800 8110103100.

8110010, 81100100. 800 8110103.

8110103100. 8008100103100.

811110340ξοᾗο,51113ἱῖ11οὲ,81100100, 11011011,

8110100, 81101011, 11011011, 402, 408, 481, 812,

818, 878, 874. 081.
8111101080, 81111000. 800 8101311001.
800111ἑὲ136816010810010, 11011011, 478, 490,

81001118 alim 810100 [in snitwoodL Kent,
81011881.ἔο66110 81001001 8101101οι, Lanu..

8100110083, 810101001 ,8101001 , 81010010 ,

1100.,114,1 ,181, ,881241
271888. 288, 843. 844.

.......... 0111101 01, 314.

8100110080. 800 8100110001.

8100100. 800810031100101103.

81031100. 8008011011 (1033100.

8101. 800 810010.

81010. 80081001.

8101081010. 800 81001001.

 

