764

nuenton, 611111, Nol-soli, 464.

......... 430}ss ἓῖῗοέιῶ 11111111, 466, 466,
......... et: 61611111, 6111111,Νο11111,474,
646, 699, 699.

......... 432. {fanonem 611111, 6111111, 466,

pari-hor. 611.
6111111, 611111, Nonou, 466.
6131111. 611 6111111111.
611611111161161111111111. “
61131111. 11111. beton, 1111111·
ἓιὲὴ 2276166660, ,660696

6111111111. 611611111111111.
Bekoby. 611 nigby.
6111111. 6116111111.

ἡ 6111111113. 611 6111111113,

Bake-welle. 6116111111.

61111111. 611 6111111111.

61111111. 611611111111.

111113111111111111111.

Bekyuwell. 611 61111111.

1111111111. 611 Bylnugh.

6111131161111131611111111, 6111111, 6111111.
6964116166, 616.

6111112146ὲΒ6111116, 6111111116, Lino„ 160Ι

.......... 1111111111, 626.
Beloby. 611 Bulby.
Boluby. See Boolnby 116 6111119.
6111116011). 6116111116.
61131111, 6111111111, 11111111 ο1, 114.
61111131611111311. 6116111131.
6111111311. 6116111111).
6111131111. See Billingborough.
6111111, Bellon. 61111111, Lino.. 176.
.......... 11111111 11, 6611.
61111111. 6116111111.
61611611. 611 6111116111
6111111111, 6111111116. 611611111116
6111111, Lino„ 166, 664.
611111, 1111111111, 161.
.................... 11111116 11, 116.
Ι111.,166,190,664.
.................... 1111111111.660.
6111111, 6111111 [1111]1 190.
61111611. 6111111111, 11111, 66.
6111111611, 6116111116.
6113111111. 6116111111.
Μ661166 6661 666161 ''³¹¹⁰''
.......... Iso ,6 11 116111 1,6“
1111161161] 166ξῐ192, 196.118ὶο Μ.
6111111111, 6111111111116111, 160. 179,
666, 216, 266, 990, 661, 667.
.......... 11111111 11, 610.
61111116 [in 611111], 611111161, 11111, 44.
611116111. 611611116111.
6111111111. 61161111111111.
Benyngvorth. 611611111111111.

INDEX OF PLACES.

6111111. 6116111111.

6111161161111. 611 6116116111.

61161111. 6116116111.

611111111. 6116111111.

61111114[1161111111 0111111], 6111111111, 111111,

61111171. 6116111111

61111111. 6116111116.

6111111611 6116111111111.

611311. 611611111111111.

......, 611111. 611 611111161611311.
Borghm. 611611111111,

6111111116. 6116111116.

61111111. 611611111111.

61111111 (11111). 6116111111.

.......... northam (11111). 611 6111111111.
1111111111, 6116111111111.

61111111. 6116111111.
6111111161111111. 6116111111.
61111611, 6111111111. 6116111161.
nemoy. 6116111111.

6111111111. 611 6111111111 611111.
6111111111. 61161111151111.
61111111. 611 6111111661.

6111111111. 6116111111.
611111661131111116, 111111, 16, 40.
611111. 611611111.

......... 6111161111. 611611111611111111.
Bet-uby. 611 6111111111.

6111111. 6116111111.

6111111161. 611 6111111117.
6111131111. 611611111111111.

611111. 6116111111.
Mssffihffismffiffgsmfflbssffffin‘hm'⁸⁰⁸⁰1k'
6111111111. 611611111111..

611111οᾶ1, anthap, 6111111, 466, 660. 606,

611111, 6111111. 6116111111.
611111. 6116111111.
61111111. 611611111111.

, 616111161161111111111611, 11111,16.

6111111111111, 611111111311, 11111, 9, 29, 66.
6111111117. 611611111111.
6111111 [11 1111ὶί131111 61111111, 11111,

6111111116 alia· Whitflold, 6111611661111. 24.

30:107, 61111, 111111, 19.

Remu, 6111111111. 6111111111, 11111111, 401,
461, 610, 671, 669.

Ι .......... 1111111 of. 609.

61111111, 611111111111. 611611111111111.

6111111, 61111. 6111, Line.. 161, 166. 164,
164, 969, 611. 242.

6111111, 61111111, 61111111, 11111, 16,·16.

6111111111115111,6 6111161111, 6111113111, 11111,

6161111611, 6166116111, 11111, 16.
Bigby, 61116 ,61161,11111., 146, 166161,
916, ,946 670, 661, 296, 644,

j .......... 1111111111, 616,

 

