INDEX OF PERSONs

6000011110. 6006000010.
3111035160. mmmm, warin 60, 174,

Βῡηῦςξζιγψι. 6006001ος

Basynghm John, 574.

60101110 ,,60101]0 Ida, 467, 576.
...60110 695, 568.

.......... 1110000, 686.

.......... 1711100,401,409,198,170,174,186

6010, John, 119, 764, 668.

.......... Roget, 716

.................... 0160000100666.

.................... 0160000111], 197

.......... 11011100,661.

6010600000. 600606010001000.

6010000. 601011, 678.

6111001006, 6011101006, 11006 60 543.

.......... 11100006 0 543 597.

,10...1 569.

611110, 600, 1110110100 60 567.

.......... 110000 60, 34.

60111010, 11110001 60, 651, 657.

6011101006. 600 6011101006.

601110 (60 60110), 0111101 01, 16, 15.

600601110000176.

.......... william, 176

6000110001. 600 6001100011.

60000011, 1110000 60, 18.

600000. 600 6000100.

6010111, 601001, mium 7] 60, l.

.......... 60600 60, 156, 761.

60], 165, 777

.......... thfflssst

.......... 71111100, 761, 757, 794, 661, 546, 599.

6011000, John, 76.

600100, 60101000, Andre«. 497

.......... 6101100610, 457, 696.

.......... 1101001109.

........., 60300566.

60]0ος0. 600 60010.

610101614ςο0 60, 467.

.......... Hom. 61.

6001100, 6000100010, 00. 11001, 0111101 01, 16.

60]11]. 600 60110011.

60]101. 600 6011101.

Bonam, william 60, 771.

Bam, 60. See Boym.

60]οο0. 600 60000.

6006. 6006006

60]00, 60]0110, 6010010, 60]00, 60]οο,
ΒΟ mg& ἓέἓῌῃῖθιὲῖἕ11 01641166)

.......... 6000 60 766.

.......... ΜοΜΜΜΜΜΜ
ssfflw, 738, 766, 768, 797, 795,

.................... 01 Wyntirton, 734.

.......... 6011001 60, 163, 766, 768, 797.
.......... Eup pirus, 148.

......... fig 113181ὶο 60, 147,148, 158, 175, 768.

666

6001. 600 601.

6000011000, 6011011000,600000000100,6060110,
Campo, 0001],1 ll
......... ff,mmmmmm

,,1001101 0000100001 1711010101, 165.
.......... 60110 60 436.

.......... Margaret, 00001000 01 17000101, 656.
,,60101· 777, 368.

.......... Philippu, 496, 541.

......... ὸῶἰοέιῶᾱ, 000101 17000101, 173, 665,

........, Roget, 715, 786, 665.
......... 84 13100100, 0001 01 11010101, 176, 541,

......... ,63104080 100, 110100, 1000000111,

.................... 101. 676, 648, 656.
6000011101 (60 60110 Capite), [00. 6011]],
0111101 01, 171.

60001001, John 60, 001101 60001001, 176.
60001οὲῗέ60110 6ος0,6011100,6011]1110,61100,

.......... 501000, 571.

.......... heire 01, 465, 518, 578.

........, John, 518, 578.

......... Rabbow, 474, 441, 449, 456, 457, 566,

· Boaulia} (fflem Loco) [00.Ηο1110],000000
ο, , .

60000001, 60 6060110010, 6000100116, 6000-
0001, Aliae 60, 00001000 01 6001100
ΜΜΜ

.......... memor, 454.

.......... 6001110], 416.

.......... 606110], 576

.......... 11010001, 468, 641.

.......... Ηοηῃ,100601164,176,196, 194,
746, 715, 747, 756, 347, 657. 365.

wmwmmmmmwffl
ffiffimffissmmm

.......... 11101000, 118, 176, 171, 798, 367.
.......... 11111100,100.

6000000000. 600 6000011001).

600010, 60010, 60110, 68.

.......... Samson, 66.

.......... 11010040.

600010]Ξ,6 6000000, 60011101οω011 60, 411,

600 (60 Becco 6001000011), 0111101 01, 673.
6000100, 60010160, 694.
60000 601100]01, 60. 600 600.
60011, 600110, 600110, 6001100110 60, 576, 586.
.......... John 60, 676.
1101300, 514.
......... , nicholes, 514.
.......... Philip 60 10, 1101. 615.

· .......... 61011006, 016010100100, 361.

 

