718

11111161. 8111111111ωά
11111111. 8111111111111.
1111111116,Τ11111111,96
11111111. 8111111111.
1111111, Walter, 599.
Ν111111,1111111111,62,
......,..,111111111,62.
.......... 1111111111 111, 62.

0

01111111. See 01111111.

0111111111, 11111111 61, 106.

0111, william 61, 471.

01111, Hokolt, 01111, 11111111 61, 494. 498.
.........‚ Bobert, 497, 562, 646.

06161111, 482.

.................... 11111111, 406, 522.
0611111, Roget, 11 011111161, 111311.
0111111111, 11111161, 148. M

.......... Thomu, 75.

0111111111. See Oupringo.
Ogbourzookoboum [11. wilte} prior 11, 680,

0111111111, 1111111161, 66.

01111. 81101111.

011, 11111419.

0161111111. 81101661111.

01 , 01 , 1111611111, 01 11,
dhngglduhwssmm 61, 474. ὼε

.......... (1111111 61, 429, 446, 499.

0161111111, 0161111111, 91111116, 614, 626, 666.

.......... william, knt. 262, 284.

.................... of 01111111, 1111. 641, 662.

Oldmuffoldmnn, 1111111111. 1111111611, 481,

.......... 1161111116, 597.

......,.., John, 572.

011111, 011111, 11111111, 681, 426.
0111111, John, 686.

011. 1111111161, 151.

Olym. 1911011111.
0111111111. See 1111111τὶ111.
01111111,611111,497.

0111, 0111111), 711111, 561, 566.
.......... 2111111695.

0111111, 21111497.

01111, 0111111111, 011111, 111111 61, 129, 164, 165,

.......... John 61, 160, 155, 165. ml, 222,
Ξξὲ ἓξὲξ ᾗ, 296, 601, 648, 649, 456.

INDEX OF PERSONS.

0161111111, 111111.

011, 61111161, 20.

.......... 1111111111 61, 41.

011111. 811 01111.

0111,Η1111161,69.

01111161, william 61, 445.

01311, John, 229, 268, 290.

01111111, 0111111111, 81111111111, John 61,
4, 5, 24, 25, 27, 29, 60, 71.

.......... william 61, 24, 25, 27, 28, 29, 60.

0111111111, 0111111111, 1111111161, 265. 282.

.......... Η1111161, 152, 199.

.......... John 61, 512, 574.

..,-....., 81111116 61, 141.

......... 11111111 61, 217, 265, 282.

.......... 11111161, 469.

.......... 11111111, 141, 217, 511, 572.

.......... 7711111111 61, 698, 402, 444, 461, 465.
466, 470, 506, 512.

0111111111. North, 0111111111, 11611118111111,
164, 140, 141, 148, 160, 167,1 9, 216,
217, 219, 226, 224. 267, 275, 276, 280,
282, Ν, 298, 602, 606, 604, 618

01111111ιὲ 1( 0111111111), 81111111, 1111111111 11, 90,

0111111111. See 0111111111.

0111111. See 01111.

01111111. 8110111111.

0111111159ὦ11 016111), John 1111 11, 162, 406,

...., .........,Ες111111,11111111111,406,520.

........., 1110111111 dau. 11, 476, 477.

.......... 91111111 11, 406, 408, 412, 421,
428, 460, 465, 466, 485, 486, 488, 497,
511, 516, 514, 515, 526, 528, 554, 575,
576, 577, 586, 615, 616, 617.

0111111110111111, 21111116, 500, 502.

........, Walter, 599.

0111111111. 8110111111.

011111, 171111161, 147, 206.

01116, 1111111 81111111, 269.

01116111, John, 1101116111267.

mmm? ’111111116119

0111111111, 0111111111, 8111111161, 8.

011111ὲ7ξ611211216, 259, 260, 264, 266, 267,

.................... 11 1111111111, 610.

01111, 0111111, 31111111, 176, 226.

........., Helen, 1111111 John, 218, 297.

......... ² 3111111161, 140, 159, 160, 216, 218,
1 1·

......,.., 1111111161, 176, 226.

.......... william 61, 159, 160.

01111116111,11111111161, 16, 40.

011111, Adam, 401.

otham, 01111111,1ο1111 61, 226, 268.

011121111111, 461.

0111111. See 01111.

01111, 1111111, 1111111111 61, 105.

.......... 01111111 61, 102.

i .......... 111111 11, 667.

 

