01001 0110000110.

0000111010. See 77000111οφ.
0000ογ11 8000000300.

0001103, 0001103, 101000, 74.
John, 08, 258, 287.

. .......... 0011011, 01 0013031100, 059.

00011010. See 0000110111.
0001101111, 1110100003.
0001001011, 10111100, 5.
000003, John, 603.

. 0000111, Walter, 398.

00011300. 0011011γο. 0030103, 497.

John, 405, 500.

0010300100, 0110010000, 28.

000300100, Alam 00, 42.

.......... 81010000, 42, 50,

.......... 1711111101 00, 22, 50, 51.

00110, 00110, 00017 00, 130.

0010101311, 01011010 00, 144, 200, 330.
0010111110, 0101101000, 91.

00100, 110001101113101, 192, 202, 208·
0010010111. See 011οο1010.

0010103000, 141110 00, 394, 500.

.......... John 00, 475.

0010110110, william, 01 00130100. 07.
0010303, fleury, 88.

000100, John, 500.

00001310. See Gunvylo.

00000, Thomas, 59.

000011010, 000010, 00011010, 1000110, 445, 534.
.......... walter, 550, 046.

Goodreg(32 0011110100, 0013111, 01 Methotingham,

.......... william, 581.

00001010, Adam, 556.

00111010, 001010, 00111001, Hugh (10, 103. 241,
370, 420, 548, 000. ’

0010030. 1100001003.

0010110. 8000111300.

00001010, John 00, 414, 428, 431, 498, 503.

00011010, John 00, 26.

.................... 11110 01, 26.

00011100, 1701111, 400, 510.

0001101311, 11100100, 95.

00000130. 8000000130.

0010, John, 01 1101011, 345.

001010, 00101100, 32.

001100, 00011103, 539, 594.

00000100 See 0000100.

0011011011, 0011001, 0011111111, 000011, 0011011111,
0000011, 1110130101 00, 204, 209.

.......... 0010100, 157, 231, 294, 339.

......... ,231ἒο181ἵ1100 149, 157, 102, 1711019,

.......... 00301 00, 295.
00113100, Peter, 255.

001101, John. 054.

010, 0100 8000103.

01000, John, 036.

.......... william, 571.

0100001011 [00. 1100001111],ρ1101·00001, 121.

01000110, 00. 8000011101.
0100011813, 0100000011, 0000100011-10111100,

.......... 0011011, 34.

.......... Roget 110, 399, 508, 571.
.......... Walter 00, 405, 517, 578.
01000010. See 01000010.
010000 Monte, 00. See 01000001.
0100010000, 01011000 00, 19.
........ ,Otho de, knt. 48, 49, 50, 51.
.......... william 00, 0, 19, 49, 51.
0100310111, Thomas 00, 409, 524.
0100100. See 01011010.
0100000011. See 01000011.

010001, 1101110 lo. 444.

.......... william. 01 01000247.

.................... 010011101311, 284.

01000100011. See 0111001111.

0100011010, 0001110)1 00, 97.

01010, 1011110010, 01 1101010, 230, 207, 286.

01010110, 01011010 00, 33, 35.

.......... 011οο10000. 35.

0101001010, 1000 00, 85.

0101000000, 8103111011 00, 7, 17.

.......... 1110101040.

Gray. SeeGrey.

Graylle, 1401100 00, 27.

.......... 1110011000, 27.

0100011010, 01001010, 0101101010, 0103010111,
00. 1110000110το0 01, 257, 207, 279,
305. 322, 057. ·

0100011010, 0100101011, 0100111010, 0011011, 204.

.................... 01 8101111111, 305.

0103011. 8000103013.

01033, 010330, 0011011, 271.

.................... 01 8011110103, 30010011, 344. ’

0103013, 0103011, John, 105.

.......... ῐ11101000 001101, 521.

.......... william, 139, 198.

0101000113. 80000130οε03.

0101103,011113010103001013011110,010001ογ,
0131101030, 01301ογ, Geoffrey de, 102.

.......... 1100100, 307.

.......... 10110120.

.......... 1000101 01, 137.

.......... 1110111101, 485.

Ρο10100, 137,198.

.......... 0011011 00, 387.

.......... Τέᾙε de, 81, 82, 89, 120, 137, 240,

01011001010110, 01 1111010003, 01011, 350.

010000100, 10111100, 88.

.......... 0101101000, 88.

0100010. See 0101100110.

01000010, οθ1091ἁο010, 01000011, Anne 00, 218,

000110, 110, 110, 10.
0100000, 0013111 00, 102. ⁸
.......... Scholastica, 11110 01 0011011, 102.

 

