716

1101110111, 7111111101 80, 285.

1100110111. 800 1101111001.

11107011, 1110111111 80, 159.

1100011111. See 1101111010.

1100101, 11101180, 156.

.......... 810111188087.

.......... 11011011 80, 0101110100, 252.
. ,. ........., 185,162,197.

.......... 1100110110185.

8010805111018.

1101111,1111111,111171,1101711,1101011,110111,
· 131ὲῖ110800 110, 178, 228, 227, 217, 807.

.......... 81100 do, 140, 198, 217.
.......... 1101011110, 117, 236.
,,,,,,,,,, (10011107 80, 181, 178, 171. 871.
.......... 01111011 80, 198.
.......... 11011 01, 518.
.......... 110017, 121.
...,,111 101.
.......... ’''izemyd0, 127.
.......... 1107111111, lm. 110, 172, 216.
.......... John 81, 127, 189, 118, 172, 198, 215,
225, 287, 261, 286, 288, 557.
......... ,affl-....„of 110181ομ01111, 217, 218.

.......... 10111101 80188, 158.

.......... 11010180, 112.

.......... Philip 80, 126. 117, 285, w).

.......... 111171111181171111.

.......... 11117 do. 100, 111, 121, 110, 116,
117, 155, 511, 512, 585.

.......... 1101111111 80, 112, 218.

.......... 11111771112 de 107. 509, 521, 521, 589,

......... &Humum of 1710111011118, 281,

.......... 81011111, 598.

.......... 1101111180, 97, 189, 160, 225, 227,

211, 287, 807542
.................... 0111011117, 217.
......... m& 7150, 178, m, 288, 267,

.......... 8111101110, 129.
.......... 8107110080, 128.

.......... Thomas 1ο, 110, 174, 111, 11, 110.
275 100

............. ’ .ο....,11οπ101,111.
.......... 1711111111 80, 91.
1100010770,Ήο1111. 72.
.................... 010101015017,58.
11011501711[1110011008 de 1700011117οΜ.
YorkJ, prior 01,
1100011111. 8008115108.
11000110. 8001100110.
1110000100, 11000111, John, 105.
.................... 01 11705101, W.
Nema, 7711101 110. 82.
........., william 110, 82.
1101010011. 800 110111111οι.
nevelondo. 800170111ιο8.

INDEX OF PERSONS. Ι

1101101111. See 1101101111.

1711111118, 1111010118, 1107010080, nobem, 288.
......... , ......,,0101010111017,58.
.......... william, 251.

1101111110, 1101001111, Ηο1117, 18.

.......... 71011110811117011111110110, 59.

.......... william, 586.

1111111111[1118100110117],110110111,1101001,
1111110011,1101101101100,1111111001, 00.
1110011601 01, 110, 112, 118, 157,
158, 159, 161, 168, 178, 212, 218, 217.
220, 227, 281, 288, 287, 257, 271, 281-
288, 285, 289, 295-297 829, 818, 850.

1101111018 00 80001111, 80 Novo Loco ,1110111
800011, 11011080, 00. 1110011 110οΜ 01,
188,152,178215.227,229,
279, 288, 291, 807.

1101001011 [117 811010187, 110 Novo 1000 011110
8110111018, 00. Line. 0110101, 166, 210.

1110110110, 1111011, 00101, 50.

.......... william 10001, 106, 518, 578.

11100110. 8001107111

Nobbe, 18110, 588.

110510, Η171110, 500.

1100100, 11011011, 0111110. rior 01, 186, 111,
112,114,158, 199, ,101,170.

11011, 11011011, (11111011, 600.

.......... 81011018, 88.

.......... 110711, 81.

11001111011011110011010, 1101111011, 11010171,
1111111, 121, 519, 601.

, Alexander 80 101.
111100 de, 511.

John 80, 186, 555, 817.

..,801101181,889.161,468, 188.

11010 80, 518.
811000 de, 101, 511. 578.

.....,, 1711110110, 800.

.......... william 10,120, 548.

110701, 110700, No . Niuoun, 11000, m.
01008,521, 8, 611, 619.

........, 1115011, 819, 650.

......,.., John, 165, 520, 521, 528.

..,, 111101, 407, 109, 120, 517, 600.

11011011. 8001100101.

1101111110. 8001100000110.

Noon. 8001107011.

11011100, 1110111111, 881.

1101071. See 11011070.

11011011,1111001. 800 1101111117, John.

.......... 001101. 810 Β17011 ami Β1011101100.

.................... 110110 11118 01, 178, 518, 511,
511575.

110110118011081, 488, 511, 615.

.......... 01110 81, 186, 511, 615.

1101111011, 1011000.

.....,0.1 Ηο1707110110, 270.
.......... 1110110110, 611.
.................... 01 0171001100, 108, ⁶2. 582.

 

