[555155 5555555. ,

0515151, 0515151, Hugh. 204, 309.
05515555. See 05115555.
055555, 0555555, 5115 0515555, 55 Balesium,
1155155, 51 05511515, 00.
......, 5555, 304, 529, 554.
.......... 01555155, 270. W.
......,.., Ρ5155, 390, 425.
.......... 1155551, 141, 199,
.......... william, 154, 205, 485, 635.
And 55511151.
051555, 0515555, 0151555, 35.
.......... 15555535.

......... ἑ mmm. ἔξ 05555155 Juxta 1155551·

0515155555, 5555 55, 49.

.......... 15555555 55, 49.

0515151. 055 0515151.

0515551511, Adam 55, 51.

.......... william 55, 51.

01515155. See Chyton.

015555555555, Thomu, 595.
0115521ὂιέ5155551, 15555 5515 51, 490, 491,

.......... eiibmdo‚0arlot‹;10uooet0r,⁷.
.......... 155151, land· 5515 51, 370, 382, 542,
mmm

......... ,6 &tl 51, 15555 5515 51, 392, 393, 421,

0155511, Thomas, 272.

.................... 51815155, 55. 1555, 344.
01555 115515, 9515 de, 374, 381.

01515551), 05515555 wite 51 Simon, 149,
......, 155151, 205. 215298

.......... Philip 55, 149, 100, 219, 237.
.......... Simon 55, 219, 207, 263, 200, 290.
015555, 19111555, 406.

05555151, Alexander 55, 390, 400, 470, 500.
......, 5515 51, 533, 027.

.......... 5555 55, 462, 466, 46075, 479, 481,
482, 512, 540, 547, 574,

cluby’ ombyl Hom de, 148) 1⁶4, 234·
.......... 5555 55, 152

.......... 1155551 55, 229, 290.

0151155, 01515155, Adam 55, 93.

.......... 11555155, 05, 00.

.......... Hugh 55, 90.

.......... 5555 55, 92.

.......... 1155551 55, 83, 30.

01555551, John, 395.

......, ......, 55551, 440. 544.

0155. Su 01555.

01555551. See 015551515,

01555, 0155, nenia, 022, 020, 645.
.......... munna, 494.

.......... Elisabeth, 573.

......,,., John, 590.

.......... 1155551 55, 480, 507, 555, 509, 610.
......... 19101551 55, 397, 420, 427, 494, 559.
0155511515, 01555551, noga. ὦ, 501.
01551555. 055 01551.

015515, 5555, 505, 506.

W

’ 51555555, 555,, 55155555, 55.

.......... 555555, 5111555555, 240, 442
.......... 5555555, 529.

.......... 0115551, 408, 523.

......, John, 40, 05, 70, 371, 546.
.................... 51 Ρ55515, 34.

.......... 11155555, 210.

......... 8 79.....,510555551155, 5151551555155,

......,.., 115155, 513.

.......... 11155555, 442, 510.

.................... 51 Acten, 374.
.................... 51 8551155, 259, 305.
.................... 511515555520.

......, 1155551, 397, 031.

.......... 9555555508.

......... ἑ ossib, 51 51551155555, 250, 250,

.................... 51 25555551, 264,

.................... 5119515555, 252.

......,1951155, 173, 220, 307.

william, 49, 168, 211.

.................... 51 05555111, 214.

.................... 51 walaham, 436.

0555555555, william, 405.

0155151, John, 51 1151515555, 350.

01515555, cletham, 0551155155, 198.

.......... 5555, 51 0111515555, 355.

......,111555, 111551 0551155155, 137.

.......... 01515 55, 157, 232.

0151555, 19111155 55, 529.

01515, Thomu, 529.

0111, Thomu, 561.

01111555, Roget 55, 544.

.......... 51155516.

0111155, 0111155, Adam 55, 551. 493, 494,
{g} 500, 523, 527, 530, 510, 549, 550,

.......... constantine 55. 014, 017, 020, 022,
023, 024, 025, 031, 641, 044, 645, 046,
048, 049, 054. Ι

.....,..., 5555, 502, 505, 506, 590, 022, 625,
020, 031. 035, 041, 049, 050, 651. ’

......, ......, 151. 502, 500, 597.

.......... 155151, 628.

......, Margaret, 591, 013, 620, 022.

......, Euhan, 505, 571.

.......... 5111155178.

0115155, 0115155, 01151155, 155515 55, 478.

.......... John 55, 100, 102, 394, 440, 490, 561.

.......... 055551 55, 470.

.......... william 55, 292, 494.

.................... 51 05515551, 151. 364.

.............................. 111551, 5115 51, 364,

,,,,,,,,,,,,,,,,,,,, 555151 Euntingdon, 20, 21,
22, 23, 31, 32, 35, 36, 39, 40, 42, 43,
40, 53, 54.

......, 1555 51, 73.

01155551, clypeam, Edmund, 045.

......, 5555, 509, 570, 579, 045.

 

