INDEX OF PLACES.

1111010060. 8001710063011

3160100016 See 11100101.

Ε1011. See 1101011.

11111100, Εο100100, 11000.. 82, 87 .

11101100, 31011100, 11100, 128, 136, 147. 189, .
101100100100000. ’

11101010 [10 80100161 1110101010, 11001, 27.

1110111011 [111 111116001111101101, 10110011.

11101300. 3001110000.

3101101. 61οΕ1011100

31101100, 1101000101, 122.

Eringuixh Ebyngton. 1101000101, 0611106 01,

1100111061. 8003110161.
1111011 [10 17001 mallim. 11001, 2, 9, 43.
31101611, 9111Ξ511ὂ1161, 3011111061, Lino.. 128, 189,

......... ’1601110 000101111100, 189.
111111οἑ180 [in 1116011011 1111011001, Iano„ 84, ’

Ε1010. 1900111110.
1110 [13717000100101. Cf. 11601111110111,

11160111. 190οΗ116010.

3110016011, 1111001011). See Elathorpe.
1111101016. See 6110010111.
8110100100. See Ε110010110.
Ε110011110100. 8006111011οο
11101011 [10 ’1601060101 Κο01, 39.
31010161. See 11010161.

111100. 8001111100.

767

Furnium, 111001ος6001, 110111, 48, 49.
3001016011. 300110161601110.
1100106010. 800 1101116010.

Ῐ 1101010600. 110111, 13.

1101116010, 1100106001, 110111, 49.
1101101016. 8001066016.
FolbriggieFelobriggo, 11011011, 436, 404, 614,

110111 11111101. See Dalling, Field.
Feldenlondos, 11001, 61.
2010611110. SeeFelbrigg.
Feledby. SeeFulletby.
Falernig. 3001101161ἰάςο
Pelethorp. seeFelthorpe.

Fulminghum. 11011011, 467, 619.
1101100000. See 1101111011.

110116010, 111111110, 372.
.......... 01111106 01 . 380.
1101160110, 1101016011), 11011011, 419, 473, 629.

30110011, 1011000110,11011011,420, 127, 440, ,
469, 493, 668, 669, 864.

110061, 10011061, 11100, 183.

110001 1)101100,1)1111100,1101000101, 99.
.......... 0611106 01 , 110.

11011100, 11100, 129, 192, 196, 337.

......... 3ῗέ 14011101601101 Lino„ 187. 264,

1101161 [10 11ιί1611000, 366.
1101116130016, 11011111, Lino„ 131, 176, 181,
228, 243, 270, 173, 309, 346.

’ .......... 060106 01, 313, 314.

’ 110111 [in 80011001 1101111100, 187.

1101060111, 11011011. 393, 478, 494, 660, 043.
11011. 8001111111.
11010161. See 1101611161.

’ 1111615111816184111061, 11011011, 397, 470. 606,

F

11011600100,11001011017001 [10 11011101060011 ²
1111600100101110601110, 110111 39 40 ⁴

Fairfleld, Fnyrefold, 110111, 12.

1010060111. 11011011, 460.

1101001111(0101[1111 1113101],110100010601010,Ηο101,
001, , .

110161ομ0116, Line.¹ 136, 169, 174, 180, 228, v
233, 247, 218, 297. 309. 368, 369.

.......... 0611101101, 323.

110111016010,1“0111016010, Lino.. 189, 260.

Fauno. See 71111110

1101600100. 6008011600100.

111010016οῳ. See 111110011101110. .

Βο1100211ό6331101ὗο111, 11100, 104, 177, 221, 246, ι

110110111141511201ῦο406 17001, 1111110360, 11001, 10, J

11010016οψ,11001001601111101 80100016οφ, !
Lim.. 169, 178, 218, 267, 297, 349. 1

.......... 0611106 01, 322.

110106010ος6, arnebergh, 110111, 60.

Pambourn. See 3011600100, 17001.

, 910101600111111016010,11100, 136. 138, 139,

180, 216, 247 , 277, 278, 280, 366.
...... ..., 0611101101, 330, 331.
311010οΚ[11111ιί8411ἱῖ11111111], 1101001011, 1110100100,

Ι 8111036001. SeeFillinghnm.
¹ 1110060111, 11011011, 399, 462, 608, 671, 338.

81006101, 1111060010, 11111111, 374.

.......... 0110106 01, 378. »

1110061111, 11liddx⁸¹ 374.

1111061, 11110061, 9110061, 81100061, 111061,
Line.. 130, 179, 246, 268, 212.

.................... 0611106 01, 320, 321.

......... [111111 8111611 1111061, Lino„ 186, 266,

t ............. ’ ...... 06010601, 321.

1110660100 [in Davington], Finshebourno, 11001,
Ρίο61011611100010,511’100118οὂο, 3106100, 11011011,
, .

.......... 1101106 01, 611.
.......... vilieu in, 621.

31061011, 1011, 11100, 184.
1110611101, 1110060011, 111110, 84, 91.

 

