INDEX OF PLAOES.

8
1010011. see 1010011.

810100, 800 80031 811100.
8110111111ῗέ, 8111010111, Kotylby. 1101000100,

81111100.. 172, 178, 225, 257, 805, 847.
8011011[10 11οο1031001 80110110, 11001, 28.
8010 [110011. 800 001101.

8010, 0010, 11001011, 487, 471. 519, 821.
800100. 800100, 0107811001, 11, 81, 011.
80100,1100100,111880,, 874, 875, 810, 888.
.......... 01000101, 878. ’

888103100, θιιτ8811113100 ,88101000 81810100,
888101ζ1ἐὲτμ32180801110ορ, 1100..01000101,

8801010100. 800 81100100.

88101100. 800888103100

88101001, 8110011010, 11001, 10.

Adlington. 800 811103100, 11001.
88701000. 800 8881031001.

83800 [10 11111001 831100, 1000, 85, 88.

1110, [11160915ςὲ112120101 Alibi, 100.. 100,
6. , .

8101γ[10000010310101 80011, Line.. 248.
8101] [101ω112οὦ1001μ10011800111108 181,

81011οῬ 80110011. 80111001), 8101110011,

mo„ 181, 188, 250, 284, 274, 858.

.......... 0110001101, 829.

81010. 800 001109.

811700. 8008001110.

81008. 8001101008.

8110031, 818010030, 8180100311, 11001011. 396,
478, 497, 582, 848,

8111, 81011, 11001011, 488.

8181000031. 818010031, 11001011. 485.
818011110[10 1000001001 8180111, 1000.. 92.
818010030. 800 8110031.

818010031. 800 8181000011 008 8110131.
818011, 8001011, 480, 504.

81831000 [10 800110310131181801000, 110111,

818103110οφ Iano„ 84.
818103100, 81810100, 11001, 5, 11, 27.

Aldinggossn 4[3151111000110101 81810100, 11001.

818103100 [1111011001 Alyngton, 1100179.
81810100. 800 818103100 and Home.
Aldolfby. 800 8081011.

Aldynton. 800 8881031011 and 8181031110.
81017. 800 8111.

810010, 800 8110011.

811008, Lim.. 180, 178, 178, 258, 272, 849.
.......... 01000101, 822, 828.

813001101, Lino, 184, 289.

813οη110οΓ31οη[1053286οἔ31 11011001 11001,
No 011,

81111, Aliby. 800 8111]

8110100000, 811010031. 800 8011000031.

811101011001, 11, 80, 81, 78.

81100100 [10 0111800111 1000.,94.

81100100, Anauon. 101000100119.

.......... 88010101οο, 010001 01, 118.

8111011000, 11001, 18, 84, 85.

8111031011, 8110100, 11001, 17, 42.

811103ῗο [141110111031000001 Eylnothynton,
00. .

8111031121ιόεἰ ἔξω, Lino.. 151, 158, 201,

88103100, west, 8811031011, Line.. 190.
81100100. 800 81100100.

8111031011, 11001011, 479.

8110 800310. 800 8011000031.

81110111, 8100111001,1000, 84. 88.

81110ορ0, 1100.,01000101, 882.

81110φο [10 8010010001 11001011, 480.
8100111001. 8008111010.
8101031Ξ11ἶ1ἒ,2ἔ18100., 183, 149, 177, 287, 288,

.......... 0110001101, 817.

8101018011, 8110018011. 800 80111.
81103100. 800 8181013100 1108811103ωο.
8110100. 800 8111031011
811010118001101110011

A 81000100 [10 8111οῳ1.1100.,185.

8000103101. 800 8001011011.

8100071. 800 8010101.

80000100, 800000100,1100.,187,191,192,207.

8080011, Lino.. 178, 248.

.......... 0110001101, 821.

8110000100. 800 80000100.

800100, 80001000, 8011001000, 11001011, 108,
449, 528, 528, 882, 840.

8011031010, 11οο1011, 484.

 

