INDEX 01²

1111011111, aubert, 01 1110111110.
1111111312ξἐς 1101001111 [313110 111101111111111 01 .

11010, 11111111, 111111 do 11, 250. ¹
......,.,(100310γά011, 146, 202.

......... 1011111 11182, 90.

.......... John 001, 01 1101101, 214.

.......... John 1110, 01 1101101, 218.

Maxumum, Μ11010111. See 1111111111.
1101011. 8111111111.

Margaret, John 1011 01, 338.

Margaret, queen 0181311119, 12, 13, 18.
Μωωῡὼφεέἳέοήοῦ, abbas 01, 393, 451,

1111111011, 31101 (10, 338.

.....,..., Walter de, 393.

11111011. 8111111101.

1111111911, 8111111111.

110111. 3111111111.

1111100061. 1311110111.
mQfflffimmmmm

1111101111. 311111111111110.

1111111Ψο111, 1111111111. 533.

111111101, 1111111011, 1111111011, 1111111111,
John, 119, 131, 273.

.....,..., 111101, 248, 266.

........, Philip, 97, 99, 102, 246.

.......... 1110111111, 339.

.......... 11011111, 131, 247.

......... {galim 119, 123, 127,131,133,137.

1111011,1ο11,100.

111111,1111011,111111,11111,11111100,11011110,
[0].11110111, 110110,01 6111011111, 57.

.......... 0001110] de, 436.

.......... John (10 01· 1110, 8, 36, 50, 81.

....·. ..... Simon (11, 33.

11111111, 0111. 811111301110101.

.................... landa held 01, 3, 391, 998,
mmmmmfflfflm
411,114-0.11101,130,410,111,111-
5, 4635, 4769, 4346, 501, 503-5, 511,
514, 515, 517, 518, 524, 526-9, 532,
533, 547, 569, 578, 589-91, 595.

......... [1111311011 00111011, 457, 467, 471,
472, 474, 478, 479, 490, 492-4, 499,
ἔξω, 511, 519, 529531, 539, 5502,

1111111111, 10 1111000111, 1111110101, Mam.
0011011100, 454, 539.

.......... Alina, 171.

...,...,, 41110111, 523, 530.

.......... Ham, 441, 457, 481, 529, 538.

· .....,..., 1101101, 535.

.....,...,10111, 162, 895, 454, 463, 465, 481,
482, 583.

.......... 1ῃωω
.......... mmmm

PERSONS. 711

111111111-10111.

...,..., william. 88, 105156, 157, 162, 171,
1732119227. 231, 294, 389. 390, 391,
394, 397, 406, 411, 413, 414, 416, 417.
418, 419, 422, 425, 437, 440, 441, 443,
444, 445, 488, 519, 530, 533, 536, 539,
545, 546, 560, 579, 533, 589, 595, 599.

.................... 01 110ὶο1113, 334.

1111101, 11111111, John, 170, 213, 368.

.......... Margum, 27.

.......... 1111111, 170.

111110111111, 1101101011111, Hugh 110, 431.

.......... Roget 110, 444.

111111111, 2011111110, 589, 621, 645.

Martha, Murtyn, Hugh, 444.

John, 513, 544, 585.

.................... 01 3111111111, 228.

.................... 01 1111113101, 352.

......... ,7211101111 01 1111111101110101111,

......,...1101111 406.

.......... william, 23, 33.

1101101. 3111101101.

1111111. 8111111111.

1111111, J 011, 003.

naq, 20111· son 01, 420.

Mamm, 1111111111, 1011111, 29.
.......... 11030160, 26.

.......... Thomas de, 3, 26, 29.
1100011, 1101100, 635.

1101011, Hugh, 592.
1111111111, 577.

1101101301, 11οω1301, 1111111336.
...,..., Simon, 590.

1111111Ἓὲ111, eo. Norfolk, prior 01, 409, 524,

111ιεί151111, 6100101110, 533.

Many, 010111011811111. 95.

.......... 111110 10, 01 1111101, 94.

.......... william, 0111111011, 94.

11011, 1111110100, 405, 515, 517.

1101011111, Reginam, 439,

11111011, 1111111010, 1111101, John. 01 North·
0111101356.

,...,...,1101111, 34.

Stephon, 59.

Μ11001011111,1101111001011111, Μ110010110111,
60011101, 153, 233.

.......... 110110100163.

11116001111, 1101011 10, 432.

1101110101, 11011011, 01 10111811111011, 267.

11011111, william, 63.

11011001. See 1111111111.

111110010111111. 811111100101111.

1111111101, 1101011, 01 1111101111, 250.

11111111οή11, 11111110πί11. 3111101301110.

1111110. 6111111111.

11111111. 311 11111111.

1111111ὲὲὲ1 1111111011, 11111001,30111100, 504,

wfflfflfflmm

 

