100 INDEX 01

1011000,101100000,10100.,156,179,231,258, 1
274, 294 352,

.......... 010101 01, 320, 321
1001οο, 11011011, 467.
10100100, 1011010. See 1011000100

101110100100101111001010, 101111100100100, ff
110014, 1022, 70.

1001100100 10100100,1011010,1011001001101-Ι
1011, 417. 454, 540, 595, 635. 1

.......... 00110101, 610.

10000100, 800100100. 1

1000100 See 100100 01ιά 100100.

00000. Pomm, 101000, 125. 1

.......... 01010100 01 , 107.

1001100οι [Ειι1], 11001, 16.

.......... wat, Westpookhnm, Kent, 16.

1001101011, 101110100101000101, 98.

.......... 101000100, 010101 01, 110.

1011οο 8001001100.

10101010,1001001010,11001,16.

100610110οΠἕο 81101001 10011100, 100001100.

1000000110. 8001000111101.

1000011010. See 1000110100.

1000111100. 80010000111000.

10011100. 800100610100.

1001011 [101100001],1ιο00., 80.
100001100800100610100

100010101, Peumata, 1000101001, 11001, 19.

1000110100, 10000111010 100001101011011011,
406 46015 9 578 638

.......... 00110101, 608.
1001000,11011011, 450.

1000011100, 1000111110οι, 1000.,83, 86.
1001001010. See 10101010.

Ρο110160, See 1011016.

10111010, 161660. See (1100010101, 1111110.
10101000. See 11ιο0001.

10110 [10 11001001, Ρο10, 11001, 86.
101100000. See 1011000.

10101οι00. 8001001100.

Pathum. 11001, 10, 68.

10110100. 8101001101οο.

1011[10 (11011001, 10110, 11001, 32.
10111000 [10 1011601610001006111001, 2,
1001001000, 11110100, 101001οο, 11001, 7, 14,

1101001010, 11100100, 110111 and 80011
0100101816,416, 447, 455, 542, 543, 506,

.......... 80011, 001101 01, 607.

11010011 ,Ρο100011, 1101000101, 123.

.......... 01010101, 112.
110100111111000111, 10100111 11000111,

101000111,1100.,129,135,141189, ,.,

195, 197, 203.
11100100. 8001110010οι.
111000111, See 1101100111.
1110010100, Lino.. 186, 218.
.......... 010101 01, 329.

PLACES.

1111100100[1οΟ161000], 1111000100. 1111000·
1001000081. 89, 96.

11001100814 1000003100, ,1100010010 Lino.. 163,

111110100. 8008121001016.

11100001. 10101000, 11011011. 621.

110100[10110011000600], 100000, 11001, 25

11110100. 800101100100,

1100000111, 8001100001.

11001010011100000106,1101011948.
11000106, 11011011, 465.

.......... 1101001060 (11110010, 11011011, 418,
472, 545, 508, 622.

1 .......... 1100010010, 111110, 11011011, 418, 472.

545, 546, 508 599, 622, 620.

1 1100001,110οιςι111,101000101, 118.

.................... 01010101, 116,

1010100 [10800011001010] 1000100, Lino..
1211162, 1801942119.

1010001010, 800100110100.

101100. »See 1001100

10100ιο 8001001100

Pom, Pons (1110001016 See (1100101681100.

100100 1000100, 10000100, (11000 0001111110,
Lino„ 168, 190, 211, 251.

10011010 [10 Μξὲοοῶὥ 1010010, Lino„ 245,
100001011110 (10161061 110111 10000010, 11001,

...,8001110000010, 25.

1011001006101110010001,101000100161001
0001111110 11011011, 429. 431, 499,

.......... 111110, 00110101, 611.
10110001ί ἀ,[00 ΜΡο110001 10001100110001,

1010001016800100001006

1000010000. See 10011100

10000001 80010010101
1001110010000100011001, 11. 28, 65.
10001οἓ1οΐ001, 11011011, 418, 472, 545,

10110111010100110011000,1011010 Ηο010οι,
1100010000, 11011011, 468, 505, 620, 621.

1001100001101110000 [10 111010110011010, 100.

1001100,Ρο1100,101100,11001425.

10006 [10 Βιι1οο10],1006οι,1000600,
11001, 34, 67

100110001, 80010110001.

10010[1081000011], 10110, 1111660, 375, 381.

1000100 8001010100.

110000[1087111111000],11000,11000,1000.,

1100100 [10 1010101010] 11001, 13.
......... [10 [8101010οι1 Κο01, 51.
[1.....0 17100100],11001,9,75.
1100111016, 1010001001, 121.

.......... 010101 01, 113.
11111001οο0. 81081111001016.
1101010110. 800 3100101111.
1101100100. 190οΒ121000ιᾶ.

 

