INDEX ΟΡ ΒΑΒΟΝΙΕ8, ΗΟΝΟΒ8, 211118, 515,

0551151555, 170-4. 213-14, 2258, 254, 255.
256, 259, 262, 263, 204. 267, 268, 270.
271, 3048.

115151, 65555] 51, 251.

.......... 1555 51, 141-2, 199, 21718. 261, 267,
268, 271, 2823.

nemun, 55 of, 1445. 5551.
115155, 6555551, 176, 243.
11556551, 6ἑ56ἕὲθ51, 1555 51.147·8,175,176,

. 7, 245, 256, 258. 263, 264,
271. 2878, 345, 347.

1115τὶ586551, 1555 51, 154. 205, 230, 293.

11555555. 1555 51, 164-6, 221-2, 257, 258, 259,
3211129246911, 265, 266, 267, 300-2, 347,

05551, 1555 51, 127-31, 175, 1781925, 256.
32398, 3215693232, 264. 266. 210. 272-4.

(155561, 655555 51. 251.

(1551151, 1555 51. 158, 232. 270, 295,
1155516551, (15516551. 155 51, 349.
(1555556511515). See 1111555651.

Η551ἰ5ξιὲ,3 1Ξ5ἔ4 οῶ815ἓ49Μ, 231, 257, 259,

1155155551, 159, 233, 265, 271, 297.
[1551155855155551 168. 211-12.
hamster, 1555 51, 137-9, 175, 176. 1978

mmmmmmmm
&mmmmm

Linooln, biuhop 51, 1555 51, 139-41, 198-11
215-17. 240. 245, 247. 254259. 262,
264, 265, 286, 268, 276, 271, 2802.
........, 555115 51, 135.

1553555511555355 ye, 155551, 1356, 175
1761967, 2, 264, 2162778.
6515151, 1555 51, 153, 205, 230 267, 268 292
155556521ἒῖ,6 1359ἱὲ1, 156-7. 208. 2312. 259.

11511115ῥ7155529ἓ1ᾁ158-9, 2323, 255, 261268,

awfflfflfflmmmm
269, 271, 303-4.

Peterborough {de Bumo), 5665151, 155551,
146-7, 202. 22541, 260, 267, 286.

Ρ551511551, 6555551, 143.

1158655555, 55155151, 371.

Biehmond. 1555 51. 1314 175, 176. 195-6,
239-40, 254, 255 274-7, 258, 259. 260,
261. 265, 269, 340. 352.

85551155, 1555 51, 170. 2245, 269. 270. 304. Ι

86511556, bnrony 51, 250.

word, 1555 51, 168, 211,

81515 055551, 81515557, honor of, 367.

15115556511, 1151556515, 1555 51. 155. 206-7,
230 258 263 293 348

155555651, (1555551151 (sic), 65555151, 253.

15551, 1555 51, 1578, 208-9, 241.

115115, 1555 51, 1745, 212. 228, 309.

2551, 61565551, 1555 51, 150-1, 204, 238, 263,
209, 289-90, 349. .

19462

817

MIDDLESEX.

85556515, 155555 51, 374, 375, 380, 381.
11111565ἔέ115, 31ἐ1251551151111, honor 51, 375, 376.

Say, barony 51, 376, 382, 383.
wallingford, Wnlyugford, 11555151, 375, 381.

NORFOLK.

Albemarle. See 4551615.

455151, 145511, 55511551, 628.

Appleton. 515555 51, 628.

45551151, 65555 51 155 51. 405, 408, 431, 502.
517, 523. 551, 563, 565, 578, 582.

65511156165155115, 6555551, 423.

Ausingg. 8551115153.

85511511, 65555151, 568, 638.

1155555115 055115 [15511551 8551556555551511,

651551 51, 614, 617, 643. See 11115
walter.

1155551551,Β515556, Boumond‚ 155 51, 405,
414, 518, 578.

85561Ιέ,5 08556515 [55. 85115111], 515555 51.

8651555151 (ξὲ6ἒ1565ἒ1ὲ67161555155155, 15551,

4045 78
Bodney, Bodenoeye, 155555 51. 655.

· 3586551, 155 51, 465, 579.

8511556515. See Buokenham.
Boulogffig( Bononia ι, honor 51, 411, 440, 585,

‚ 5555. 5551. 411.

8551556515. 8511556515, 55511551, 620, 622.
855551151151 Huddyetoun, 51555151, 621.

Bury st. Edmunds. barony or 155 ο1,393, 394,

495, 496, 521.
0551151, 0551515, 15555551, 505, 556, 644.
055115 Aere. 65551· 51555115 51, 590, 614, 617,
636, 637, 638, 640,

055115215611151555, 155555 or 555115 51,

1 426, 3, 565, 591, 614, 621623, 628.

0651151511, 6555551, 640.

0655155, 6555551, 402, 512, 574, 023, 634.

, Clare, 6555551. 396, 409, 410, 439, 490, 502,
503, 583, 584, 621, 637, 652, 653, 654.

0511511511, 15555151, 520, 580.

11115615ἒ2113515, Diohingham, manor 51, 432,

115155, 555115 51 , 3811, 613, 617.

1 .......... mmmfflmmmuffl
Elsing, Ausingg. 15555551, 391, 489, 632.
my, barony 51, 395, 488, 496.

.......... 565556 51, 390, 391, 425, 488, 489.
1115, Heye, 65115551, 394, 408, 418, 484, 485,

495, 501, 522, 582, 614, 619, 629, 614. ·

8115115651, 65155751, 393, 508. 527. Sec
Baynard's 055115.

1111156551, 155555 51, 516.
3 F

 

