INDEX OF PERSONS.

06161116-6661.
......... ὲΒῙέοὶᾶοῶ, 190, 198, 204, 209, 211, 212,

......... 1111616, 132, 161, 166111.
.......... Thomu, 161, 244.

.......... Walter 6., 161, 161, 116, 666.
......... ὲὲᾞὲἒω 00, 1, 166, 666, 000. 111,

colingham, 116611 06, 548.

0611161606, 24.

061111, 3160110, 01.

061166666, 1660615911.

06061116. See colevile.

0616166, 061616661111110, 527.

.........,1οο6, 139, 157, 207, 210, 004.

......,..,060611, 134, 209.

061661, 1111660610 06, 529.

.......... 31111006, 403.

.......... william 06, 389, 413, 443, 487, 520,
529, 533, 555.

colom, John 06, 43, 44.

0611161161. 0660616161161.

061166, 1606. 598.

columbulis. 141166 06, 11.

.......... 160606, 28, 34, 40.

.......... Philip 06. 14.

06111611, 06111116. 166 colevile.

06116, 3160610, 40.

06116666, 1111161166, 6136106661, 350.

066106,06116106,0116106, Edmund 06 16, 399,
450, 508, 571.

.......... Hugh 0638.

.......... 160606, 34.

.......... 361110 666 61 1606, 7.

.......... 3160610 06, 61 116316116ςο6, 08, 09.

.......... 2066160133.

.................... 666 61 361110 06, 33.

.................... 661161 Thomu 0633.

0660616161ῑο. Sec 0116106166ηο.

0661011611, 66. 366111116161, 10.

0661116268,5 οἑ186ὀ166, 01166 06, 151, 238, 209,

.......... 1061611116. 116, 166.
.......... 36061106, 203.
.....,..., *106616606238

061616, Alexander, 661161 36601111 (3611611,
3611066, 366066), 100, 208, 289.

.......... 3606661616, 16 3606 0616111, 06116 61,
400, 510, 518, 578, 037.

.......... william 16, 414, 535, 592.

0611101111. See 06610161.

066616οὶ6, constabularius, 0661161116, Conn-
61601116, clement, 492.

.......... 1606, 61 361111, 66. York, 351.
......,..,’1’061666,292.

.......... william, 145, 201, 251.
0661616, christophor, 215, 257, 270, 288.
.................... 61 1161601, 161. 302.
0611161, 3160610, 6181116616110, 310.
066161160606, ’1066116 06, 159.

079

06616, 066116, 0611, 0616, 116616 11611, 10661,
61 3616601111, 047.

.......... 3016660. 504, 500. ’
........, 116611, 493, 590, 054.
......,..,11111111111161, 6136111611, 224.
......., 1606, 522, 580, 583, 591, 594, 029.
..., 6061111116, 535.
.......... 36166218.

31111016, 20.
......,.., 360611, 148. 203.
.................... 611666161161, 209.
........., Roget, 434, 504.
.......... 11166166, 2, 35, 120, 447, 542.
.................... 6116116101, 247.
.................... 61 1116111610, 358.
william, 047.
.................... 61 (1661116006, 239.
06116, william, 505, 500.
06161011. See 06011011.
061161. See 06111161.
0611111116, 160606. 45.
0611110161, 0611111061, 0611111011. See 06011011.
Goppyng, 1111116600.
061061. 0610611, 3160610, 122.
360611, 161, 043, 044.
Roget, 120.
06101, 1606 06, 529.
06061ᾈ2026111ὅ86ἑ1, 3611611, 61 (1111611166, 408,

061061, (16166666 06, 25.

0611, 3160610, 127, 192.

0610661. 3660610616.

0611161166, 06166661616, 1606, 109, 215.
.......... 711111616225.

06166060661, 1606 06, 455.

061666111616. 866 0616161166.

0616666116, 36161, 000.

06160611, 6611161166, 30.

0616111111, 6666166661, 11606 0610 61, 393, 394,

.......... 6611 61, landa held 61, 433, 495, 043.
.......... 1610 of. See 176166, Ηο611,111166661.
061166, 0111166, 1116011006, 42

.......... 36061106, 17.

06166116. 1660111666.

0661116116, Alexander, 130.

0661610, 161666, 590.

06116115366116, 0611616, 066166, 1111116161,

.......... 31606161, 450.

.......... 360611, 544.

......... ,. william, 401666.
And 166 06116166.

06616, 30161160, 540.

.........,1606, 135, 197, 052.

........., Margaret, 450.
3160110, 133, 190, 213.

36161, 133.
.......... 7711111111141, 199.

 

