ο726 ¹

355551, 355556, Aliae, 553, 567.

.....,...,115555,513.

.......... John, 590.

.......... Margaret, 553, 567.

......,.., olivet, 553.

......... , 355551, 507, 589.

3555515551655 (de Ponte 3555511), oo. 855555.
5555151, 18, 37, 38, 45, 52, 54, 55.

nobem, 1555, 51 3555555155, 264.

.................... 51 775515555, 258.

.......... 17111155, 270, 281.

355555556, Levia, 576, 577, 578.

35555, Adam, 504.

3555115. 355 35555155.

3555555, 1155555, 630.

35555 (de Rupe) [55. York], 5555551, 248.

35555, Rupe, 155551, 51 1751555111, 366.

.......... 1555, 598, 622.

.......... 155555556515, 130, 143, 156, 163,
231, 234, 241, 273, 370.

.......... 3155556, 417, 545, 598.

......,.., 77111155 65. 163.

3555516166, 3555511556, 1115551556, 1555 65,

.......... John 65, 523.

.......... lady 51, 43.

3765161711 65, 132, 163, 239, 240, 241,
.....,..., 85555, 239, 240, 241.

3551555155, 35115, 51551551, 380.

......... ,4315555 51, 1, 2, 16-19, 41, 42, 43, 45,

.......... ᾤω5555
3565, ἓωοώ (sic), 3565 (nic), Edmund 5115,

.......... 35155 5115, 446.

.......... 35555165, 527, 528, 586.

.......... 351556 5115, 632.

.......... Thomu 65, 400, 503, 510, 571, 630.

.......... 7751155 65, 411, 412, 528.

.......... 51555515, 391, 425, 489, 632.

35655515, 3155556 65, 533.

356555515. 355 3515555515.

Rody. 355 35665.

Bedyng, 1555, 511755115555, 346.

35115. 355 3555555515.

35655, 4565515 son 51, 51 311155, 202.

.......... Hem 555 51, 1511. 23.

.....,..., John, 590.

.......... 1715155155 555 51, 142.

.......... 35555 555 51, 97, 99.

’ ,,,,,,,,,, 355551 555 51, 389, 334, 397, 402,
409, 411, 412, 414, 416, 417, 418, 419,

INDEX OF PERsoNs

Roke, (755555, 601.

351515, 3515115, (1556555 6515, 475. ’

.......... (15615551 65 15, 476.

.......... 15556515, 444.

.......... Philip (15 15, 51.

.......... 31515556 6515, 392, 394, 336, 338,
404, 408, 416, 429, 431, 435, 445, 450,
458, 485, 486, 488, 490, 495, 498, 502,
509, 511, 513, 517, 523, 540, 560, 568,
575, 577, 615, 616, 617, 619.

.......... 355551, 620.

.......... Thomas 6515, 481.

.......... william 65 15, 484, 506, 507, 523,
531, 534, 569, 530, 591.

35151556. 3553516556.

35155551 (sic). 355 315555551.

35115515, 1555 65, 36.

.................... 555155 51 0551511516, 48, 50.

.......... 3155515665, 11, 14, 15, 19, 21, 23,
30, 31, 42, 48, 50.

.......... 355551, 40.

.......... Roget 65, 48, 50.

.................... 155 younger, 50.

.......... Thomu, 40, 48.

.......... 7751155 65, 32, 48.

3515555, 35155555, 01115 de, 396, 503. ,

.......... william de, 503, 566.

3511556, 35151556, 111556 65, 422, 560, 602.

3515555. See Rollesby.

3511, 1555, 531.

., Simon, 426.

Rollesby, Roloeby, 35155 65, 397.

.......... Simon de, 397, 470.

.......... william, 1551. 251.

3511555, 1555, 51 7755165115, 60.

3551515, 5515551, 421, 548, 666.

3551555, 3155115565, 3.

3555555, 35555, 483.

3556511. 355 3556511.

35551, william, 5131555511, 66.

3556, 35565, John, 580, 594

3555. 355 355.

35555, 355555, Edmund, 01 1755151115, 60.
.....,..., 1555, 560.

......,.., Peter, 604.

.......... 355551, 557, 601.

.......... Simon 15, 422, 550.

.......... 7551555585.

35555155, 'imon 65, 167.

3555, Hugh, 55551515, 632.

355, 3666, 65355, 15 355, 65 Boos, 55155 51,

fflmfflfflfflfflfflm ,,,,,,,,,,, fflfflw.

447, 485, 487, 488, 496, 498, 499, 501,
526, 543, 545, 547, 554, 555, 561, 667,

......,.., 1. 65, 137.

566, 590, 595, 593, 522, (323¹ 656ἰ 646 ........... 151555 65, 210, 220, 240, 263, 239.

.................... 51 355555515555, 422.
...,..., Walter 555 51, 1295

1155551, 3551614155, 118, 120.
.................... 55551, 103.

.......... 3155555, 124.

,ὃ ν51655 155651, 42, 157, 240, 273, 458,

.......... Margaret or Margery, 21, 34, 35, 53,
54, 210» 226, 235527158Μ54ω15605
511, 537, 593, 633, 642, 643, 653; and
5551755155515.

 

