INDEX OF PERSONS.

1101100060410060, 148, 166, 267.
.......... 60011100 60, 148, 267 .
.......... 00011100 60, 167.

.......... 110106 60, 161, 167.

And 100110100001110.
1101000100116010 60, 162, 209.
.......... Hugh 60, 207.

.......... 60106 60, 162.
.........,1106011,166.

.......... ’11601000 60, 196, 296, 200.
.......... 0111111100,130,101,190,107.

1100000060, 1101-10001110, 1101100060 (tic).
116010 60, 222.

.......... 11610006 60, 154, 206.

.......... 110106 60, 164.

.......... 0101111001, 8.

norma, 110110101101000, 0116011110, 81.

.......... 11001160, 86.

.......... 11031110, 91.

.......... 110106 10, 440.

110116, 1106011, 0116010060, 242, 266.

110116000100, 001101. 600 1106110. ’

11011661000, 6060 60, 22.

.......... 0011010.

.......... william 60, 22.

11011661010, 1106011 60, 24.

11011660116. lady 01. 6006010101.

11011600100,611111010, 01 1101000363, 261.

11011600. 6001101100.

1101160111, william 60, 666.

110116100, 6001101100.

110116006011006, 001101. 60016100.

110116110611010060, Hem-y 60, 48, 49.

.......... 1111100610] 60, 101. 68.

.......... 6000 60. 66.

.......... 6011060, 6, 16, 16, 17, 24, 64, 67, 69,
41, 62, 66.

........., ........., 101. 69, 48, 49.

.......... Roget 60, 1, 24, 40, 66.

....,-..., 101. 66, 64, 67, 69, 41, 62.
1101οἯ10, δἔξω, Alexander 60, 416, 419,

.......... 606060, 668, 646, 694.
110116070. 600110101060.

110110οὥ011600, 110116100, 14110111 ὼ, 529¹ ⁴

.......... 11001060, 648.

.......... 6060, 676.

.................... 01 11006001, 668, 669.
.................... 01 Sprydlyngton. 666.
.......... 111060100, 689.

.......... Philip 60, 416, 414, 466, 40⁶. 666.
.......... 11100001, 666, 692.

......... , william 60, 611, 672.

m

11010106, 610600 01, 689, 690, 697, 898, 404,
410, 412. 418, 414, 416, 417, 418, 416,
420, 421, 424, 426, 466, 486, 467, 469,
448, 449, 460, 464, 465, 460, 469, 461,
462, 468. 464, 470, 471, 472, 473, 488,
486, 480, 487, 462, 602, 603, 606, 607,
611, 614. 619. 626, 629, 666, 644, 646,
648, 647. 648, 649, 662, 666, 669, 678.
676. 677, 684, 687. 698, 697, 698, 001,
616, 616-619, 621, 622, 624, 626, 688,
ἓξ. 5451’642’ 644, 045, 647, 650, 651,

.................... prison 01, 476.

.......... Ηο10 ’111011 , 1101 of. 697, 429, 481,
00660000
469, 470, 472, 476, 476, 477, 482, 486,
499, 604, 626, 666. 641, 669, 686, 691,
619, 625, 629, 666, 640, 046.

.......... 61. (11100 1 Sancti 691611), 11100101 01,
476, 601, 562, 689.

.......... 81. 11010 60 Campo, 6000 01 160 001-
103001, 691.

1101-01060, 11010100, 1101010011011111100, 6060
60, 424, 460, 476, 498, 499, 602. 608.
614. 616, 618, 640, 642, 666, 084, 666,
666. 696, 666.

........, ......,.., 601. 498, 499, 618.

.......... Roget 60, W, 686.

........., Simon, 122. Ι ¹

.......... Walter 60, 129, 162, 209, 429, 461,
466, 477. 498.

.......... 11111100,οὓ61

11010060. See 110116οο6. .

11010000, 60. 600110101060.

11010, 6060, 666.

1101060111, -, 01 60060, 0001100100, 76.

.......... 0000101100, 06.

·· 110111, Thomas, 482.

1101101006, 11080100, 87.

’ 1101101ογ. See 1101100.

1101100, 0116111160, 166. .
Nobyngham. fleury 110, 119, 684.

.......... 6060, 666,

.......... 60110 60, 126. .
11006010,110110010. 600110010.

Nova 111110, 606060, 478.

11010 Burgo. 110. 600 1100611116.

11010 6000, do. 600 1100010011 and Nmted.
Novo 11010010, John 60, 171, 216.

11οο011. 60011001.

1100010, 11000100. 600110010.

11000111. 600 1100000100.

11116010, 1106011, 01 Burgh, 268.

1111000. 6001103αο.
1100001οο,11000010110. 600 0016010.
11110011οἰ16, 11100 [00. 1101111011 0110100001,

Naaman. 600 1100110000.

1100000011ιο 600 0016010.

111100010οη, 11001000, 11000100, 6060, 01
1101γο06010, 242, 268.

......, 60106, 167. 261, 294.

,11110011,161111001,011100011,649. .. ., ·

 

