746

99001001411011, 068.

.......... John de, 545, 594, 598, 622, 642.

.......... 11100 00, 538, 593.

.......... Thomna 00, 405, 554, 619, 642.

.......... 01111110, 383.

00010111, John, 031.

0011111. See 000111.

0010100110). 900 30011110.

00110111, Thomu, 589.

00111, John, 604.

“ 0011100100, 0111000, 011010, 00. 11011011,
11110101, 401, 436, 511, 514, 633.

0011100, 0011111110, 00110000, 0011000,
John 0 434504, 620.

.................... 1111. 616.

.......... 1110101οι00, 430, 448, 514, 544.

.......... 11101010, 30.

.......... 1101011 00, 514, 544, 575.

.......... 0111111000, 455, 404.

0111011, Roget, 566.

97101101, 01110 0, 00. Inna. 111101 01, 03.
84, 37, 85, 91.

0101101. 300 0011100.

010101011, 0101001011, Thomas, 259, 274.

......... , 01 Burgi, 258, 345.

010100010901100011001 00, 23.

.......... 1113110010

......,..,,801100,23.

0111101, John, 556.

011111 [00. York]‚ 11101 01, 311, 314, 319.

01110 [cs. 1ῒο1411011 amb, wat0. 0111,
101100

.......... WHhenry, 654

......., John, knt. 628, 629, 631, 642.
.......... 11011011, 533. 591

.......... Simon, 249.

””””””” 8111011110 11111.

0111011011 ,,0011011011 01101011, 0011100110,
01110011, 10010100, 482.

.......... 011001 00, 494.

.......... John 00, 414, 480, 619, 620.

.......... 0111111000, 414, 463, 406, 483, 485,
480, 534. 537. 553, 554, 513, 617.

0111101, 2101110, 597.

91111101, 9911101, 9111111001, 41100, 486, 554.

.......... 110011, 017.

.......... 9100110, 480.

011110. See 91111.

1111141101οΠ(8161,11110101. 8000011100. ·

01111000, John 00, 452.
0101011110, 40101 00, 85.
.......... 0111000, 87.
.......... 01111101 00, 38, 95.
0111, 01110. 90001110.
0111010111, ’11011111 00, 24.
01111001. 9000111101.
0111111011. 300 0111011011.
0101010, 11011011, 519, 580.
010101. 300 011101. ’

- INDEX OF PERSONS.

19100, Simon 00, 500.
0101110100, floheri, 383.

¹ wigenhale, 011001111011100000, 441, 590.

.......... John 00, 407, 521, 524, 530.

’ .......... 01110100, 407, 521.

.......... 0111111000, 449, 521, 524.

0111100, 0101100, 0011011 (sic), 01111010-
01011 0, 547.

........ ζ, 110011110100, 421, 548.

.......... John 00, 548.

191111, ,5911130171ἔί0101, 11001000, 01 1111111100,

.......... 1101010101. 1110101100, 04.

.......... 11011111 00, 445, 534, 027.
.......... Thomas 00, 194, 209.
0111115704111010, 01111, 01111010, 10111110,

.......... som, 633.
......, John, 510, 512, 547. 548, 549, 574,
584, 634, 039,

.......... 11011011, 600.
. ......... 0111100573.
And 000 0111000111.
01100, 01100, Adam, 504.
.......... 0011110568.
1911001101, 9911001101, 011101· 00, 147, 107,
223, 230, 280.

0110111, 01111111. 9000111000111.

0110011011, 0111001011,0011110111.Τ100111
00, 143, 170, 213.

.................... 01 0111010304.

.......... 01111110 00 202, 263, 274.

0110110150691181101, John 00 or in 110, 505,

.......... 1110101110 in 110, 470.

0111110, 01110000, 011110, John, 554.
.........,20101,580,594.

1911100111, Hffibb 1011101 01 St. 01101 11111001

1000 , .

011100, 011101, 110010, 564.
.......... Hugh, 562.
.......... 1111110010.

4110100 01100.
0111001010,11101010,0100110111, 252
01111010, son 01. See 11111 01111110.
willon 1111, 011 11, 011011 0110111,

9901111111, υ1911101111, 0 1011111,
1110.. 1 ...1011
01115111,1155,91101 111, 100-
000111, 411001 101340.
,Hugh,1⁰4, 120.
.......... John 00, 36, 118, 119, 218, 222, 230,
235-7, 256, 258, 2013, 272, 273, 275,
280-8, 293, 297, 300, 301, 345, 340,
348, 352, 354, 501502, 504, 512,
.................... 101. 502, 565.
.......... 1010 01, 2508, 203, 272, 273, 287,
288, 2913, 297, 337, 629, 033.
.....,11101011100,270,304.
.................... 0111100, 360.
.......... Philip 00, 35, 303.
.......... 11101110 00, 198, 203, 513, 575.

 

