m

Boby. SeeBoothby.
600600101οο See 6010600100.
600Ι 011 [10 60111081 11001 601101011, 1
kyngseld. 11001, 46, 46.
600100. 90060036ωο Aluph.
6001000 06000ογ. 60060ος610011000601000.
6016000, 11001011, 401, 402, 461, 611, 612, “
mmmm 1
0000010000), norton, 440447, 411041, 1
mmmmm !
Bokelond. See 60011001. ⁵
6060010010, See 60010011.
60100600, 60060010060010110.
6060060001 [10 610010011 11001, 29.
6010100. 30060036100.
60600011. 600 60010011.
60111060οι. 6006006006000.
601100. 8006003600 1
601701011. 60060011ος1011.
Boleby. SeeBulby.
Bolingbroko, Lino.. 161, 246.
.......... 0600601324.
Bolington. 60060010μο0. 1
601ωηὲξ11ὅ1οὧ0010 6001100, 601100, 10000, ¹

1

1
1
1

600616001061, Lino.. 181, 244, 646. 1
.......... 060006 01, 313. 1
60000011. 6006000011. ¹

6000110ῗῖ0ῗὸ620ξοἰὲ1ὲο1 Bonyngton‚ 11001, 3, ¹
Bouthorp’ [10171116016671 6010116001), 60000-

1110οΡ,Βο0016001, 6000110001), 60000-
W& 10ἐοἔο , 146, 176176, 230, 246,

Bonyngton. SeeBonnington.

Boothby [6006001 6016061, 6061, 60166]
Juxta 6000061, 1100.. 131, 149, 191,
198, 206, 262.

......... [1097011001 Bothoby, 6100.. 362.
Ριςο011, 6016061, 60616100.. 127,
101, 191, 192, 266, 261.

mbffim' 11001011, 390, 464, 467, 666,

600100, 600010000, 11001, 14.

6000000016. See 11006001660000016

600016. 600 6000016.

Ronmanorum. 600 60000006. ,

60000011. 0006000011. 1

Borgh. SeeBurgh. 1

60016000. 6006006000.

60036100. 1900600ος11100.

6001036000. See 60001ος6000.

6000101 [10 6100010011 60001011,11001,16. ›

600016, 6000. 60060016.

Bosolyngthorp. See Butlingthorpo.

6000000016. 600 1100601 60000016.

6001001ἀο Sancto Botulpho). Lim.. 163, 176,
164, 241, 242, 370, 671.

6010600100, 60060010100, 6006001001οο»
1101000100, 100. 126. ’

6010101001, 60100001001. 600 6011001001. 1

000000, 0000011. 001100οη01. 1

INDEX OF PLAOES.

0100100001. seeBoothby.
Botheby. See Boothby.
601111001, 6011110016. See 6011001001.

601000. see 600100.
6011001001, 6010101001, 1101000100, 116.

¹ .................... 060006 01, 116.

.......... 6060001001, 6011110001, 6011110016,
Line.¹ 173, 166, 227, 246, 308.

.................... 06000601, 331

601100. 600 60016100.

600100. 300600100,(10001.

Boughbon, 601100. 11001, 12.

ξ ......... ,111117313336333631·
.......... 010101, Meton, 0000, 001401.

461, 606, 610, 670, 671, 636, 639.

i ......... 01016, 6011000101161. 600100, 601-

1000 11011, 11001, 7, 13, 33.

ι malherbe. 600100 110160060, 601100,

11001. 16, 39, 62.
111000601000, 6001000 0600001, 11001,

60101160ιο, 60116000, Lino.. 137 , 191, 197, 196.

6001100. 600601100, 101110.

6000101011. See 6000111011.

6000100οο. 600 600100.

600036, Went. See Westborough.

60000, 600000, 60000, Lina, 160, 160, 166,
204, 210, 260.

600000 [10 666010600001 60000, 11001, 4.

60016001. See Bowthorpo.

600100, 00001, 600100, 1101000100, 106.

.......... 060006 01, 111.

6000101 [10 ῧος6100 1101600601 60301ος,

001

600000, 11001, 69.

60016οῳ0 [10 6006003616016001, 60016οῳ,
11001011, 446, 463, 634, 691, 016.

......... [1016111 6010016οφ1100.. 188.

Boxley‚ Both, 11001, le.

Boyington [106063601116010100 11001, ³⁰.

Braboumo, 60060000, 11001, 14, 36, 66.

600600003660000010 60086600010360 ,
ξῠτὲιιγος60016, gLino.. 167, 167, 611,

1 fimbriam mm.. 137.155,190,19⁸. 000.

6001006ῧοος06, 6010061, Lino.. 147, 191,

6000606000ος10, 60010060 h, 1100.. 149,
0113114101, ,363

Brauon Anh, 600100, 600100, 6001011000,
13501ιὲἑὸ 442, 474, 476, 631, 632, 690,

6001ομ00, 600 6001100.

60010100. 6006001101.

6001006000, Fut and 17001, 11001011, 447.
446, 466, 643, 697.

6001001010. 6006000101.

6001001001, 6001100100, Bru 100100, 11001011,
416, 473. 646696, 1.

.......... 100106 01, 611.

60011011, 6001011, 466.

 

