792

2061100000, 2061111000, 2066060100. 20661100,
Lino.. 173. 185, 227, 247. 248, 267.
308, 363, 871.

.......... 01100011 01, 382.

......... 30111111 10000010, 368.

.......... 7711000110 01100010, 363.

2060103110. 800 216101.

206011011οο61. 80021661001100111.

20601103100. 800 2161103100.

2116001160. 800 20601110.

2060011011, 2060011010. 11001011, 895, 473, 496.
497, 561. 662, 645, 646.

206111ιο. 800 2006110οι.

206100000111. 80021661001100111.

20610110, 2060101160, Ι101000100, 113.

........ ,, 0110001101, 116.

2006111101. 20611001, 2106110011001011, 419,
487, 472, 618, 546, 580, 598, 621, 622.

11101111021111⁹⁷ ngngffimssboff 136, 140, 186, 217,

’ .......... 01100011 01, 828.
2030000110. 8002100111.
20330110. 800 200011.
20330061, 8002130111.
2011030. 800 20011030.
2011110111. 800 20101100.
2031036010. 800 2131103010.
30111· 31131111·
2003103002. 800 2103103010.
Βορμ,517331150171717751011, 398, 470, 606, 507 ,
1 4 1 ·

2013101100111. 8001100111000110

.......... 800111. 80080016000110.

213100, emt [in AnhfordL 2001, 32.
2000061.800200006101162000111.
2001011, 2101011, North 0116800111, Lino.. 131

............. ’...,,.,011000110001317,322.
2011101111. 800 2011100111

2011103. 800 2011103.
200001101020111011010. 800 20011011.
2010011000. 800 20001100.

201600, 201600, 8002016οο

2010000. 800 2100111
Βο10010541707317001011, 391, 426, 426, 480, 489,

20111110ιο. 800201011010 0116211001.

21110030. 800 21600311.

21111, 2110111, 213111, 11100, 133, 182. 242

.......... 0110001101, 313.

21661010οο111,2061011101111,21601001100111,
11001011, 457, 530, 588, 648.
ψ,110601101101111,ριο101101,609.

2160110300. 800 2161103100.

21601103000160.800210311016

216101, 2060103110, xant, 49.

2161103100, 6216011031011, 11001011, 467, 484,

.......... 52060110300, 11101111 01, 611.
modim. 8002006100

INDEX 011 PLACES.

213111. 8002161.

2130111. 21330061, 1103300111. Lino.. 111, 178,
238, 245, 253 275, 290, 349, 352.

.......... 0110310101, 322.

2111310600. 800 2111301000.

01031077171119171777,11010111.1104606118,

21031010οι0, [10 97006000500003111, 210311-
10100,11,00171.

2103101011 [10 11000001000311111103010,
2103111011, 110111, 24, 71.

2103111006, (10001 and 211110, 11001011, 409,
54813171, b18141, &fs-40, 452, 624, 525, 526,

.......... 1111110, 1100101101. 608.

210301000[10 2103103110]]2111310600,2 3-
eudon, Lino. .. 139, 162, 183198 21111

210301000210301111000,11100,166190 210.
1110311016. 21611103100160, 11001, 9.
21111010. 800 21100

2100103010200010311010, Bepi 1101011100,
149, 162174, 183203, ,212

2101110, 2111310, 11001, 22,
210111,2100111.(100110111111111110,111110.,131,
134 248 266 274 361

.......... 0110001101, 333.
211011οἓ17ἶ Risum. 210110111100, 186, 247, -

.......... 0110001101, 329.
210111οο [10 2100160001 2001100201110100,
21000, 84, 38.

2101103100. 800 2001103100.

210100, Lino. See 201100.

.......... 11001011. 8001100100 2101011.
2101101. 800 21001101οι11.

210103. 800 Wood 210103.

139 177 173· 223 245 25⁹4 266 ⁹275: 21100, 211110, 2100010, 11001, 4, 9.
303868

2110111010. 800 20111011.

21011001. 800 2011101010.

2111011 [10 77000103100] Iamo„ 39.

2001100100, 011101, 2001, 18.

2001110116,81.1111101. 2111011106, 2001006,
ί7171201174117422, 424, 456, 550, 552. 601,

.......... 2010100116 minor. 1100101101, 611.

········· ..0111111000

20611000. 800 2061100000.

20661072001118170 witham. 20110100100111,

00, .

206ωο001100, 11001, 14.

20101016,ἁ201010006, 20101006. 800 Book·
00 .

7 2010100116. 800 20011006

7201001100. 800 2011101100

1,,2010010 8002110101.

71201103. 800 20011030.

Boklond. 800 20011006

Bouabfflssffi 20101111, 11001011, 898, 470, 507,

2011001001101100100, 128.

7 2011006011,2011ι106οι10,11001,15.

 

