INDEX OF PERSONS.

0555115155115511, 209.

.......... 1155515, 137.

.......... 77111155, 137, 209.

0555115555, 1955οω154555.

05551556, 0515155565, (1556155 65, 151, 288.

055515 Am, 0555115555. oo. 11511511, prior 51,
369, 404, 408, 417, 454, 451, 516, 517,
523, 541, 577. 583, 595, 635, 686,

· 055555, 55. Lino.. 851555, rector 51, 492.

055155, 05155555, Agnes 65, 458, 459.

.......... 1555 65, 459, 471-473, 544.

.......... 15115 65, 492, 494, 495, 507, 519,
520, 545, 546, 551, 559, 622, 647.

......,.., 1115115155 65, 541.

.......... 1151151565, 398 410 418 419 424
3: ἐξ, ἐξ, 492, 525. 545, 547, 558,

.......... 77111155 (15, 398, 425, 448, 492, 557,
558, 558, 559.

055515, 055515, 1151511 65, 218.
.......... 1155515 65, 88, 144.
05515055150555, 05555, Honry, 390, 468,

mmmmmmmmww
51555555.

........., 11551144.

.......... 15515517, 401, 510.

......., nobem, 401, 510, 571.

.......... 17111155, 517, 534.

0556515, Roget. 51 0515555555, 352.

055555, John do, 184, 185.

.......... 7711115565, 184.

.................... 51 nyma, 255.

05551516, Stephon (15, 503, 555.

05551511, 0515111515, 15115 65, 84.

.......... 81511516 65, 87, 95.

0555155555, 11511515, 51 15511115, 355.

osteum 1855055555.

05511517, 71155155, 58.

0555555555,0555115155115,1711]155, 551, 547.

05111515, 05515515, 15511515 65, 197. ’

.......... 81555255.

055155551111115511551 0555515, melu, 55.
Lino„ prior 51, 135, 150, 152154, 155,
gg, 3311, 3358, 205, 213, 228, 229, 251,

(lutto. 855055.

catulo. 51505515).

0555555515, 7115555, 383.

0555655555. See 0551151155115.

0115511515. See 05511515.

055555, Hugh 65, 6.

.......... 1115115155, 587.

.......... 1711115565, 486.

.......... 77111155 65, 51551515, 499, 559.

055511, 15115, 599.

05116155, 81555 65, 394.

coudray, william 15, 86.

0511161511 [in Bedford], 0565151511 [οο, Bed-
1516], prior 51, 107.

05555555. 855 0551555] Aah.

05551111 Sea 05511115.

675

05115, 05115, 05555, 0555514555515, 478. ’

· ......... 1115115111 15, 456, 549, 550, 527, 545.

.......... 3555115, 422, 550, 602, 546.
.......... Thomu, 255, 276, 591.

.......... william, 134, 148, 160, 219, 287.
05111555, Ceston, 1651111 65, 445, 585.
1155515 65, 508, 520.

.......... 17111155 65, 875, 376, 882.
0511555. 8550555511.

05115. sacam.

0511511, Simon (15, 157. 210.

0511565, 15115, 258, 275.

71151555, 480.

051155. 85505111.

anlly,43311y,oayly, Oailly, Only, ,4655 65,

, 422, 423, 424, 426, 427, 447. 493,
509, 548, 571.

.......... 141155 (15, 544.

.......... 11615556 65, 451, 558.

.......... 1511151 65,422, 550.

, 15115, 459, 505, 568, 559, 544.

.......... lady 51, 527, 683.

.......... 1151511, 540.

.......... Simon, 509.

.......... 71155155 65, 449, 455, 456, 481.

.......... william, 515, 517.

05151, 15115 65, 271, 283. See 85151.

0556515. 855 11556515.

0511, Kyrf, 15115, 840.

.......... 81511516, 620.

eostre. 8550115515.

0115555115. 8550551555115.

0115651555, (15511155 65, 81, 85.

0115155555. 0115555115 [eo. NorthnmptonJ,
prior 51, 122.

01111151ιῖξ4 301151155 (sic), 7115555 65, 495, 560,

0115111555, Margaret, 51155655, 52.
5151551, 155, 555515.
Ohmbffl, 1(ξὲ111ἱ1711115511555, 0555151155

John, 214, 223, 259, 808.

.......... Potor, 520.

........., 1151511, 285, 545.

.......... 11151516, m, 265, 808.

.................... of 1155555, 353.

.................... 51 wokyngby, 360.

.........‚ 11511515, 146, 174, 212.

.......... 8155515, 188.

.......... 7115551, 515.

.......... 7751551, 174, 212

.......... 77111155, 185, 169, 195, 200, 223,
246, 251, 275, 417, 540, 585.

........., W.. 144, 403, 492.

0555551555, 0555551555, 4155, 113,120,

55555, 55151,5155555,,51.

 

