570

6555555, 155555 65, 516.
65555, 1555. 51 0551555551, 56, 56.

65555155, 41155, 11115 5177111155, 51 Bronton,

77551 0555155, 649.
6555555515, 115151 65, 93.
6555151, 6555 65, 40.
6551, 65515, Adam 15, 420, 547, 5111.

......... ἐῶ 551555 15, 51 11511555, 420, 547,

.......... 1555 51· 155515, 69, 145, 201, 420,
547, 500.

6151511 655655155.

6515551565 655 Britannia.
655155115, 65555165, 149, 151.

· 65515. 655 6151.

6551555555, 6555555 (sie), 155565, 646.
.......... 155555 65, 426, 550.

.......... william 65, 457, 551, 647.
6551511. 655 65511511.

655155, 6551555, 6511555, 651155, Eretum.

655155, 141155, 516, 517.
.......... 05555655, 461.
.......... 6551565, 126.
.......... 6615556 15, 454, 455.
.......... 61155, 665.

.......... (15511551, 162, 196

.......... 1151555155, 665.
.......... Philip 15, 691, 425, 481, 469, 556.

.......... 65555115, 167, 144, 155, 161, 197,

196, 214, 220, 224, 260, 265, 262,
267-9, 279, 255, 296, 604, 667, 478.
.......... 61511555, 456.
.......... Thomna, 544, 545, 598.

.......... 7711115515. 155, 170, 196, 224, 260,Ι

246, 415, 466, 566, 566, 596, 665.
................... , 51 6515551, Ἀθ.

655555, 65515555, nrm. 655155, 6555555,

65555, 61155 65, 592.
.......... 01155 (15, 690, 414, 466, 566.
.........,155565,466,566, 592.
........, ........., 151., 616, 641.
.......... 6155556 65 or 15, 696, 412, 465, 477,
494, 526, 550.

.......... ’155555 65, 496, 566.

.......... 7711115565, 10, 21.

65555155, 6155556, 51 0551, 256.
655555, 65551555, 655155, 655 Brome.
655515, 17111155 65, 66.

65511555. 655 65511511.

65155, 65155, 651, 675, 661.
.........,1555,250.

.................... 51655155, 642
.................... 51 6556151, 255.
.......... 61555155, 460, 497, 496, 660.
.......... 77111155, 55, 465, 491, 562·

INDEX 01⁴¹ 7111660176.

65155555. 6555555555, 6555555511, 65
55155555155 (eie), 65551555155551115),
ξὸηἳν5ἇ1115515, 424, 442, 561, 551, 586,

6515555. 655 6555555.

651515, 6155556, 462, 564.

6516, 65166, 51511555, 500, 502.

.......... 6155556, 51 (1551555651, 192, 202.
65166555515, 6516655515, 1111555165, 262295.

65111, ἓξςςῶΒηη, 6551151555, 51 655511·

......,.., 5115, 592.

.......... 1151555155, 576.

.......... 1115555665, 5111555 51 11555155. 500.

.......... 655551, 265.

.......... Thomu 5115, 641.

.......... 77111155 5115, 666.

6511555, 65111555, 6515565, 551.

.......... 77111155 65, 546.

6515151555, 1155165, 402, 512.

6515151555, 6115151555, 611111 65, 456.

.......... 1555 65, 411.

.......... 6155556 65, 527.

6515155, 6151155, Hugh 65, 566.

.......... 1555 65402, 406, 461, 512, 521, 566,
555, 574, 564, 600, 564.

.......... 65511115 65, 512, 576.

.......... 755555 65, 461.

65151555, 1555 65, 674.

651155515, 6115155515, 1555 65, 5551 51 6155-
5556 556 5555151 65111151, 161, 269,
667-9, 676, 411, 415, 440, 442, 445,
5125, 567, 566; 5116555 61555556, 5551

65115555, Thomu, 590.

651155, 6511555. 555 655155.

65111551, 55115151. 655 6511555151, 1555 65.

......... &g 1155, 6515 51, 445, 541, 614, 621,

6555655151 [15 ’15555511 655151556 6556-
5515, 55 555,,11515555551, 166, 629

6556151, 1555, 507.
65515155. 655 6555115155.

65515, 1155551, Adam 5115, 16.

.......... 1555 5115, 66.

........, 5116 1555 515 5115, 59.
................... 65, 96.

....., 61555 515, 49.

......... ἐς11111155,516555561155,1151555515,

6551561115,·6551561555,155565, 551, 569.
.......... 61511555 65, 694, 496.
.......... Ι15555165, 426, 446, 551, 602.

6551555555, 1151555155, 525.
.......... Thomu, 525.

65515551. 655 65511551.
6551555555, Adam 65, 62.
65515551, william. 677.
65555511, 1555 65, 51 115155, 95.

 

