INDEX OF PLAcEs.

Anuiok, 1411111111, Isim, 154, 191, 205.
41111111. 811111111111.

11111111. 8118111111 1111111118 anton.
1111111. 811 1111111111. “
1411111111. 811 1111111111.

11111. 4111111, 11111111, hiim„ 179, 246, 254.

, . ......... 11111111 11, 811.

1111111111. 811 1111111111.

1111111. 81111111.

11111111. 8111111111.

4111111111. 811 1111111111.

1111111111, 1111111111, 1111111111, 126.

.......... 11111111 11, 110. ·

.......... 1111111102
1111111
.......... 1111111111, 882,

1111118111, 1111811, 111111, 15.

Apploton [in 11118111111111 Apulton, 111111, 24,

.......... 1411111111, 11111111, Im„ 81, 86.

.......... 111111111111111111, 1111111111, 11111111,
11111111, 408, 450, 528, 181614.

.................... 111111101607.

4111111. 81111111.

Appylby. 811 11111111.

411111. 8111111111.

11111811. 811411118111.

11111111. 8111181111.

11101111 [in WinwiokL 11111111, 11111, 91.

4181111. 81111118111.

1181111111. 811188111111111.

141111111111. 1111111.,86.

4111111111, Amoringhal, 11111111. 429, 481,
477, 499, 681.

1111111111, 1118111111 , 1111181111, 11111111, Lei-
011111, 98, 89, 107.

11111. 8114111111.

1101111. 811 1111111118 1111111.

11111111. 8111111111.

41111. 811 111111.

111111. 811 111111 118 11111111.

1111111111. 811 1111111111.

4111111811. 811111118111.

1111118111. 8111111111.

1411018111. 1111111111, 01111111 01, 114.

1111118111 (Lino). 811 41111111.

41111111,11111111,111110., 128, 189, 194.

.......... 1111101111884.

Aah, 111111, 111111, 48, 49.

......... -11112168171188111011, who, 411111, 111111,

.......... 8111111[111 1411118011111111111, 111111, 49.

1111111, 4111111,141111111,11111.,171, 2701 804.

.......... 1111111, 1111111111, 11011111, 488, 484,
479, 501502, 664, 505, 828, 624.

mig 81111111181 1111111, 111111..185,

,14111111 Aa , Lino„
1711281284, ,2481

””””” 111111ῗὲ4]
mwwfflwm
.................... 11111111 11, 820.

781

4111111-1111.
......... [1111811111 ], 1411111 r 41111111,111111.,
1259111111 ,2212 ,2422111292

9. 854.
.................... 1111111111, 815.
......... [81 1111111811 11111 , 4111111, Lino..
185, 186, 189, 191881887.
81 11 2011111, 11111111 Lu 2011111,
111111111111111111111, 111.
.......... 11111111, 4111111, 1411111111 1101111,
1111111111, 104, 119, 121. ·
.................... 1111111101, 118.
.......... (11111 1118111111, 1111111111, 11111111,
1111111111, 98, 108, 124.
.................... 1111111111 11, 108.
......... {Sacrorum} Pam 1111111111.. 180,

.................... 1111110111, 827.

.......... 11111, 41111111, Aska “ 11 Hom·
111111,111111.,180,180, ,840
,[111111 01111 14111111, 1011011, 897,
470, 500, 644.

1111111111πά. 8111111018.
41111111. 8111111111.

14111111ῆὲ8 [in 1781111111 Ε11111111111118,

Αεὴ1018,θέἱ1ἓ111118, 81118110111111111111-
1018, 111111, 7, 18, 82.

.......... 1118111118, Middx„ 872.

Α111111,4ιὲὸἰ1151117,’ὁ151ἒ111111, 11011011, 892458,

Α11111111111111111, Δεσ111111111111111, 11111111, 408.
4111111 [11818011111111 41111011, Rem, 48.
14111111[111 1111111111 1111111011, Iano„ 90,
1111111111, 1111111111, 111111, 11111, 16, 48.
1411111111 1111111, 4111111111 oum 1110 ,
Qu», 11011011, 412, 476, 528, ‚

1111111. 811 Α111111.

......... juxta 11011111111. 8111111111, West.

1411111111, 14111111), 1411111111, Lino„ 162,
171, 174, 1 , 219, 212, 218, 250.

111111151ιέ7Δεῦ15οὲ11011, 11011111, 412, 476, 528,

1411111111. 811111111111.

Aspull [111 17111111 4111111111, 111111, 82.
4111111. 811 1111111118 1111111.
1111111101. 811111111011.
Δι11111117ἑί11211ἒίζ1ἐ1ἰ],2ᾆ47113151(1)51, Lino„ 159,
1111111111 111011. 811 (1111011 1111111 (111 ).
1111111111. 81111111111411.

1411111. 8114111.

1411111111. 8111111111.

......... 11111111. 8111111111 10111111.
......... 1121110111. 81111111811120111,
11111111111111111. 8111111111.
Anhemnnhagh. 811411111111111.
4111111111 eum 11111111. 811 1411111111 11101111.
1111011. 8111111111.

1111111, Δ11111111,Ε1111111,1111., 180, 245.
.......... 1111111111, 826.

41111111). 811 1111111111.

 

