INDEX OF PERSONS.

60060006 [in 60100 600001. 6100000060, 1 60006, 6060, 0160016000, 969.

ξιίῧο0001 [0060610061 prior 01,166, '

9001000, 60100, 619.
600000. 600 60000.

6000606011. 600 61006011.
60000, Biton. 600000, 60000, 60000 (010),

¹ 1111006016, 914, 996. 967, 979, 696.
1 .......... 60100 01, 166, 969.

60163ἓ500060, 6060016006000, 101, 666, J ,,,......, 600000, 916.

......,,0600 000000.
60006011, 606001, 67 .
600002610οὅοᾗᾆὲοἱῧο0 600616, 169, 196,

.......... John 60, 199, 196, 916.

.........,.,.......,101.966.

.......... william 60. 174, 997.

6010100. 600 10100.

601010001. 00601101οή

60111100. 6006010100.

601100, 110000, 699.

601100, 6011010 [00. 60110111 00100 01, 476.

60110100. 6006010100.

1101101001, Butotourt, 6011010010, 11010011,
6010100010, 60160010, 499, 666.

w'mssguss'lffl' 466, 471, 479, 476, 469,

........, 6060, 619, 679.

mmmm.

.......... 191111000674.

6011000100οζ 600 601001000.

60111600. 600 6010100.

601100, 61060100, 469.

601001000, 6060001000, 6010001000, 60100·
10000, 1060 01, 474.

........., 606001, 696, 646, 644.

.......... 6111100679. 446, 669, 669.

6000100, 61060100, 471, 476.

.......... 60100471.

6000100, Alexander, 696.

.......... 6060 60, 466. 466.

60000. 600 600000.

601016, 606001, 0160006100, 969.

6006000, Thomas. 69.

60001. 600 61006.

60100000. 606060, 40, 46.

1101000101. 600 611000101.

601. 600611.

1101060001, John 60, 60.

6010, 606001, 61.

60101. 60060101.

60110060. 600 61110060.

6060001006, 600000 60, 664.

.......... william, 666, 664, 699.

601000. 600 611000.

60100000. 600 61600000.

600600, 606060, 909.

.......... 6106006 60999,

Βμοο10οἓ6ὦο010010100, 6000000001600, John.

.........‚ 60100, 661.

60006000, william, 01 1100100649

600100. sunium.

600000100. munima, 1000.
19169

¹ ··.......‚ 6060136166, 179, 914, 9969699117.
ι .................... 10196976696.

Ι .................... 0101000100, 1001.646,667,666.
1 .......... 0000106171210.

· .......... 6106006, 166. 914, 916, 996, 979, 696.
1600160000. 600 61016000.

Ι6001010. 600 610100.

Bytoring, John 0,, 400, 04.

, .......... 6106006010, 669.
“ 6000000001010). 600 mmmm.

G

(1000, Cum, walter 60, 696, 663.
(1001. 600 601.

(106000, 6060 60, 916.

0006010000, 6006000, Hugh. 461.
.......... william, 619, 644.
000οο11, 1111110001 6000001600), 646.
(10600060. 600 (1000.

6006000011. See (1001600011.
(10610000, Adam, 699.

(1000 (60 Cadmo), abbone 01, 476.
(1011000, John, 01 Eub, 0000000, 69.
601110. 600 (100110.

1101016000, 6106006 60, 696.
00106111. 600 (10116011.

00160001, 6060 60, 994.

60160600, 11000000 60, 99.
60101000. 600 60116000.
(10116011, 60106111, 4060000 60, 499.
.......... 6106006 60, 499.

(10110. 6001100110.

601160οὲ05,5 60101000, 6001601000 60, 467 , 696,

.......... Elisabeth 60, 499, 619.
......,.., 6060, 664.
.......... 1101600100, 467, 468, 618.
60010016 60, 409, 436. 696.
.......... 6106006 60, 469, 466, 459, 606, 696,

......,60000 60, 669, 406, 449, 469, 469,

.......... Walter de, 699, 401, 409, 404-6, 498-
11, 414, 4694468, 439, 446449, 469,
fflfflfflmfflffimm
616, 696, 696, 696, 667, 664, 676, 676.

.......... william 60, 666, 600, 608, 611, 619,
616, 617, 616, 619, 696, 696, 696, 667,
644, 679, 669, 666, 696, 640.

uum... .........‚ 101. 699, 617, 614, 616, 696,
664, 667, 666, 641, 649.

911

 

