INDEX OF PERSONS.

310101111, 60. 811 3110111.

31010, 3610006 60, 23.

.......... Simon 60, 420, 547, 600.
310001161310111111), [Eure]‚ 01110101, 480.
31000, 31001, william 60, 83, 87, 90.
3100111, Thomu, 430.

31011, John, 70.

.......... 7701101, 210.

3101110100, 301011 60, 85.

3101100, Adam 60, 68.

......,.., 30710016 60, 51.

3100111016, Hugh 60, 328.

3101107010, 30101 60, 96.

311117,ᾱξ17111ἒ7, 311111, 317117, 3111107, Adam

......... &ozam 60, 142, 217, 226, 268, 282,

Prior, Priour‚ 1000, 01 8107010160, 230.
.......... John, 01811060, 42.

.......... 301011, 01 0010101110, 352.
.......... william, 01 811060, 42.
31001001, 771111010, 0101000110, 262.
3106101100, 01111011, 67 6.

317117, 317117. 8113111117.
Pugeys, 307011, 303071, 301011, 2, 6, 46.
30171, 3001768.

3011010, John, 566.

3011 [cs. 30710 and 3010], Simon 601, 86.
.......... 17111ίο10 601, 87.

Pulla. 81130710.

30110007, John 60, 46. 47, 50, 518, 519.
.......... 110100160124.
3000101600, John 60, 87.

........, 3101016, 237, 288,

.......... william, 149, 175, 237.
3011111071, 101060, 456.

300170, 10110011.

301600, 30701, 568.

301107, 301103010, 104, 570.
.......... 7711100118.

30010, 3011011, 601.

301071. 810 301070.
Ρο1101,10111,599.

370101. 811310101

37001. 81131001.

37000111. 811311101111.

370, 301011, 013717, 253.

··: ....... 7701101, 0130611110, 419.
37010, 11εο17, 68.

37730, 1710101111, 558.

37701. 81131701.

3710, John, 377.

3710007. 811310100070.
371011ος7, 811311017ος.
3711707100, 1110100601 60, 298.
37101010, 11100100, 68.

371101. 81130101.

370710, 1000, 11110 01 Philip 60, 44.
.......... 3101016 60, 43, 44.

.......... 1110100060, 101. 43.

37000100. 811 11010101.
3700011010, 3101016, 401.

3700000. 811370100.

370601, John, 0180010111, 228.
37060111, william, 0111101100, 259.
37010007. 81131010οο70.
370100, 3700000, Androm 142, 199.
...,...., 30101, 142.

..,......, 11111100,141.

377101. 8113171010.

3717. 81131110.
371701, 1100, 74.

3711ος, John 60, 7.
37770100. 81130170100.

0

00061707, 3101016, 0181710007, 345.
0000011160, 0000001060. 811 1700001160.
0001101, 01101100, 1710100310, 650.
.......... 3010160, 421, 049.

........., 30101160, 549.

000111001οη, Κο110010010,116011160, l.
.......... (10110101.

.., John, 152, 229.

1100100600, (10011117 60, 376.

0011107, 771111000100701010171, 365, 366.
0070170, 1010101, 43.

007007, 00011107, 603.

011710. 811171110.

watewell. 8111711100011.

wath. 8111771110.

0071100110. 811 7711100011.

R

3011070, 3110160, 368.

301010, 110101 11110 01 1061011, 32.

30010711, 1111110000, 474.

30611111, 1106001770, 30600111, 3010111, Rat-
017111, John 60, 85, 88.

........., ........., 101. 559, 560, 593, 602.

.......... ........., 0131600010, 1101. 95, 06.

.................... 01 0106111100, 101. 96.

.......... 3010160, 91.

.......... 3101111660, 82, 85.

.......... Thomas, 101. 95.

3060100160, John 60, 43.

1106107700. 8113006107.

30110, william, 058.

110101, 000 01. 8113110 30101.

 

