INDEX 01³ PLACES.

Kotelby, 1101010011] 80010100]
11010100οο10 800101110100000.
11010100] 8001011100] 100000.
110100]ος11010. 80010100103000.
1010000100. 800 110001ος100.
1101110] 8001011100] 100000.
Kotryngham. 80010110010011010.

10100] [10 80010 80000]],1101010],00101000],
Ιέἑώἑιῶῃ 281ἓο1]100]3,41 Lino.. 148, 181),

10000100000, 11010 10, ιο,1101ι]000010
{334th 442 ,475, 031082, 0111,

7
1010000030, 10101000ςο [80110101 052.
11011100] 100ορ0 [10 9900110]],11010100]01
'Pho 1011000, 1101111)], 1110011, Line„
170, 81, 228, 220. 242, 248, 809, 844.
1010001000, 11001010, 400.

Κθῑῑῑθῑὶιοῳθ, Kotolesthorp, 101]11110ορ,1.100., ······-··. ·········.
187, 204, 800.

.......... 0000011 01, ssffi.
1101110100 [10100000118110100] Rimmon,
11001011, 470.

1101]10]. 800800011100].

101]100]. 800 110100] ὁ
101]110000. 800101110100000.
110001ιο1100. 8001100000ΙοΜίιο

1000] [1000100],1οω00],1100., 107.
1100001οω18000000100],11]000010,101000100,

.......... 101101011 01, 112.
1110000000,101000000,11001, 18.

11111οφ01100, 1181ος001ιο, Kilwyngholm,

Kynvyngholm, 101 0110,1.100.,
184142, 102, 107,1, 217, 281, 282.

242, 270, 271, 277, 282, 291, 294, 290,

848, 840.
.......... 01111000 01, 814.
1111110010, 11]11]0]000111,Ῑο1000100’, 120.
.......... glorth, 1001100010 Baba, 1011000100,

......... 31108' Kilyngworth 11000],000001ι

...,800111,110011100010, 1001000100, 98.
......... masi& Kylyngworth 1100000001·οο

xilvyngholm. 80011111031101100.
Kilyngvorth 11000].800 1111000111, North.
111101100ὲὲ],,11]000010 11001010, 482, 080. 091,

11100010,11]0οι000000010,11001000000010,
101000100,108,124.

.......... 1000000000010, 000000 01, 108.

11100000] 800 11100000]
Kindia& [10 0110100],11]10000100],1800.,

11100110000111000100. 800 1100001001οο
1100000000010 800 11100010.

1100000],11]ιοοι0],11100000],11]0000,
{a 24811]Ἐῖ1]ιι]οι·11]11100.,140, 1,

.......... 000000 01, 812.

1103000000. 800 1110000100.

11000000] 1111000878.

.......... 0111100001, 880.

1103000100, 111ος000000,11.1ος0000000 (uic),
11000100011000, 14, 48, 49, 04.

1110]ιο0010,1110300000,11001,18.

111ομ100, 11]ος00100, 1001, 10, 21.

11001οἔ4οἑ10 [10 Apley], Kynthorp, Lino, 179,

111111004 03,5970’οἓ00111110],[10 ,11]11 1,1100 11001011,

11100]80000,11100010,1100000],1110000]000,
11000οι Bidoun, 11001011, 428, 429,
477, 497, 498, 002, 003, 880.

11100]110110001ιο000]Βο1000101000100, 118.

.......... 1]01ι] Belou, 0110000 01, 117.
..000δὲ61100, 1110000],11001010,890,480,002,

.................... 900000 10010, 620.
langley] 100 10, 624.
.................... 1110000100 10, 020.

......... 100100, 11000], 1010011100, 99.

1110000. 800 11000000. ’
1101010008.

......... 2(1)] 0010100), 1800, 188, 182, 210,

.................... 00000001, 812, 818.
.......... 11001,11]ι·001ι] 10010 11101]ος11000,
Lino. ,181, 848.
.................... 0011001101, 828.
“ [11100012 l{Why 1001411111,
190201, 218201, 988.
10010111,110000]1001]11ι,1000.,98.

10 ’100000 (10]110000),1110000],
11.(22102οὲ2ἓ1ι158011147, 189194, 190,

111011οῌ, 11]0000] 0101000, 110000],
101000100,98,100,120.

................... 000000 01, 109.
.........1ἑὲ1,02ι1ὅέ10000], 1]ι·000], 11100, 149,

.....,..21Ξο02Ξ1ἕ10 1100010, Isim, 172, 180, ·

............ ......, 01100011 01, 820.
111ιο0010 [10 walton 00 1110 11111], 11000002,
Ianos.. 80, 94.

110000] 80011100] 0001110010.
......... 801010. 80011100]11011000.
......... Βξὲιέιιιιω, 1110000]0011. 800 11100]

1101100011. 800 11000010.
1100001000, 8001101000.

11000100. 80011010010110000]

1101100. 800 1110100ίο 11011000.

11100ιί00100,100]ος100,11100] 0,111
ῧιιῗῖἕιῃιῗιο fivssfngb’zlassfw' '

.......... 000101, 014. ’

1000001011ιο 1110000000, 1000000, Lina,
100, 179,228, 2402041108.
.......... 000100 01, 810, 811.

11100]ος100. 8001100100100.

 

