762

Clixby,101isseby 0100117οᾁ (01011110, Lino. ,138

0101100 [10 31001111 01000, Κο111, 21.
01011011. 800 claxton.

01000. 8000101100.

010001018. 80001008οΪ8.
01000100. 800011001οο0.“

0100110. 8000111110.

01010. 8ιο 011110

0101110. 8000111110.

000100,00100,111110.,140,173,186, 216, 227,
247, 254, 264, 281, 308, 3113.

ἡ .................... 01101011 01, 331.

.......... 001000100101111 1111110, Lino„ 150,
158, 180, 233. 237, 244, 255, 289, 206,
......... 161362, 0110101100 01, 315.

.......... 1101111,11011110010, Line„ 157, 182,.
231, 234, 354.

.................... 0110101101, 315.
0011111110,00110110111,11001,1,17.

0001011110ωο, 001011001011, 11010ηο0100,
0001000100, Line.⁹ 143 149,177. 234,
8200,24824112051206,2812802811,

.......... 0110101100 01, 317.
0001011001011 100 in Uloeby, Iaine., 344.
coefflfflffl 0000, 01000, 8011011, 447,

...,010] 800011 Petri ,0111011 01, 607.

00011181ορ00 808111ὲὲ1001,2 ,1101011110 00101060,

0001001000. 8000011οο65

0001000100. 8000001011110100.
0011011001. 800000110οι

0010110000. 8000001011001011.
0010111010, 8000101110ῳο

0010110111. 800 0111110111.

0011011000. 8000011100,

0011οκ00111 [11010010 10 1100111 11001, 21,
0011100100. 8000011011.

00100111 800 00100111

00110, 00110110, 00110110, Lino. ., 170, 225, 304,
800 0110 0010110.

0011100010 [in 1171101100]Ι 0011100101, Iano„ 88.
001000001011. 8001100100, Col&
0011101011οο 8000101101100111.

00181011, coleredo, 11001, 24

0010 0030, 0101100 00110110οω11, 1101000101,

.......... 001101,010101101114.

0010110,001110,11100.,168,101, 212, 253.
......... 1[10110110000011-811111101],00110,11100,

.......... 111011011, 483.
colebam. 800 00111010.
0010100080000101011
0011000700Ηο1100000],001011001,1110110,

0011111, 11011011, 404, 517, 577.

INDEX OF PLAOES.

00110110. 800 001110.
001100100. 800 0011001011
001000, 11011011, 443, 475, 533, 589, 626, 327 .

1 0010110111, Lim, 188.

00111010110011100110110, N 011011, 389, 390, 483,
487, 488, 555, 317, 018.

001100, 11011011, 483,

001ω10οἐ061151010100, 0011001011, 11011011, 450,

.......... 0011111101, 607.

001010 [in 1110110001 11001, 31.

......... [101700],0001110,11001,7,33.

0011000110 [10 0100101 0011γο 01100010·
00000001, hino.. 142, 185, 1111261181.

0000110111, 0011011001, 1101101010, 11011011, 407,
408, 450, 522, 524, 582, 014.
..1,11801010, 00110101, 607

.......... st. 108100, 0011011 01, 607.

0000110801 [in HawkhuntJ. 0001110101, xant.

coninggaholm. 800 0001010100,
00110001,0001010101,1.100,180342.
.......... 0110101101, 320.
0001010100000100000110110,0100οψ11010,

¹ .......... 0110101101, 317.

0001110101. 800 0000110101.
0000000010. 800 00110001)ος 0001110000,
0000000010101. 80000010101100,
00011110, 0001100, 110111, 1, 17, 41.
corby, 11100, 139, 188, 198.

’ 0011001001.8000011111011010
’ 00100010, 00100,

0010110, 11011011, 389,
390 402 488 555 617 018

0011100000, coringham, 01001 and 1111110,
100.,137, 185, 187, 223. 248, 200, 302,

...,01111101101, 333, 834.
0011100. 8010001011.
00010, 00000110, 1101000101, 101.
.......... 0110101101, 108.
0001110100 [in 1010110111, 0000001οο, Kent,

0010010, 80000010.
0000100100,000000100,1101000101, 120.
.......... 0110101101, 113.
mamystam, 11011011, 483, 629.
costen, 1101000101, 118.

....0110101101, 118.

· .......... Ἰ..00101Ιο0, 11011011, 482.

0000001011. 8000001001οο0000100100.
00101[101100100111],11010,,121.

¹ .......... 11100. 800 000100.

.11..,011011, 416, 539. 594, 034.

0 00101 bovillo [in 1110100101001010001111,

1101000101,103.·
0010110010. 80000110110011.

001011 [1100 1101101 1100001111 00101, laima,

 

